122
32 101 4045.5999999999985
43 110 10396.843
36 71 1438.718
55 84 1755.6150000000005
29 32 3791.3849999999998
8 9 1714.4489999999998
40 41 1237.047
0 5 1283.6650000000002
5 83 2375.5829999999996
11 14 1013.848
69 104 2804.3280000000004
27 107 1789.0910000000001
73 74 2004.3119999999997
19 103 257.36
39 81 9260.464
3 15 5063.773999999999
62 101 9918.202999999994
14 24 1328.6509999999998
73 110 1692.4820000000002
39 117 9145.535
72 114 3522.0070000000005
24 74 2698.640000000001
16 70 2118.51
35 83 18037.234999999993
15 25 3934.767000000001
55 61 2383.2980000000002
7 21 1124.6869999999997
46 98 896.8189999999998
70 77 1529.7930000000003
57 107 11084.782000000008
77 85 1934.5740000000003
49 103 724.45
68 116 2684.165000000001
15 110 583.9789999999999
40 54 612.869
80 90 4875.881000000005
5 96 2440.677
6 61 2977.8760000000016
18 115 3076.684
2 27 1966.2209999999998
8 107 1985.878
54 74 1643.4939999999997
27 120 2473.664
81 91 316.25600000000003
20 81 4243.986999999999
39 94 8804.713
35 60 16653.40200000001
24 87 2414.8759999999997
56 119 3666.4970000000003
17 48 1053.7830000000001
35 96 14992.194000000005
76 97 3075.2120000000004
96 112 7388.262999999999
1 103 1088.654
88 108 1125.2790000000002
99 117 2743.4329999999977
6 38 1661.3900000000003
38 107 2966.481999999999
98 121 769.183
77 98 1179.612
9 80 536.235
69 94 1815.594
42 77 14716.319000000007
8 84 2159.1569999999997
11 89 1393.9580000000003
30 102 2143.834
91 118 3649.595000000001
3 5 3123.8579999999993
20 94 2621.42
31 103 883.611
32 68 3348.732
23 99 4335.907000000002
35 73 15119.514000000003
28 34 1444.026
87 120 951.5859999999999
46 88 591.8319999999999
37 119 2929.561
57 97 10684.363
68 106 1040.579
61 67 3245.337000000001
40 44 932.0260000000001
26 109 1385.2729999999997
27 74 767.472
113 114 6629.780999999999
18 105 2970.960000000002
39 48 9339.182999999999
30 79 879.0920000000001
71 117 2555.904
50 94 1135.5770000000002
91 95 2699.463999999998
61 103 1518.1909999999998
73 77 738.6440000000001
11 102 2420.484999999999
12 67 1057.929
13 32 4576.388000000002
31 80 2118.401
30 115 1608.3369999999998
43 54 11651.907
16 37 891.315
95 101 2691.883000000001
1 57 11260.542000000003
13 68 1547.1330000000003
72 117 1579.6150000000002
45 100 2800.0829999999996
17 38 2316.295
57 74 10069.056000000002
22 116 3125.157
28 47 1742.922
109 121 398.80199999999996
14 112 6578.214999999998
88 98 918.9609999999999
46 101 941.275
6 28 1572.2590000000005
57 110 10396.843
69 84 1660.133
42 67 15153.701999999996
20 48 1388.902
31 57 11302.351000000004
91 108 1108.879
110 121 1534.8970000000002
2 30 868.4190000000002
102 117 2720.2899999999977
75 100 1557.951
33 103 1802.2350000000001
12 80 1461.122
52 116 2332.1910000000003
4 76 1712.1979999999999
72 94 2020.7400000000007
44 112 7277.986999999999
64 90 2967.948
10 119 3666.1040000000003
56 86 10195.673999999997
35 63 15630.779999999997
9 11 1421.151
53 117 491.046
37 109 371.662
38 74 3240.116
76 100 1295.0230000000001
49 83 3415.7490000000003
42 44 15481.568000000003
7 86 10678.943999999996
8 51 1048.828
18 95 706.0889999999999
31 34 318.365
63 103 1875.6880000000003
82 116 2872.8790000000013
29 110 970.6109999999999
8 87 2467.206
0 83 2672.916
23 66 713.83
83 117 2558.9369999999994
43 44 11075.334000000003
16 27 2019.3439999999996
1 47 1137.547
25 112 3178.1099999999997
53 94 483.887
46 55 1879.5359999999998
37 86 11000.957999999997
38 51 2281.1299999999997
9 24 2152.5409999999997
14 102 2501.843999999999
7 63 1155.0589999999997
27 41 1274.846
18 72 4486.041000000001
59 110 1590.6490000000001
90 97 3893.2719999999986
82 93 5001.415999999999
61 70 2266.377
101 106 1464.8849999999998
8 64 2536.062
20 38 4481.058999999999
60 74 909.421
12 34 797.1350000000002
31 47 1368.8049999999996
112 121 7309.348999999999
91 98 1843.5629999999996
23 43 11831.816000000004
60 110 797.0379999999998
25 89 3399.5549999999985
53 71 2092.1070000000004
72 84 1991.1089999999995
44 102 2725.178999999999
64 80 2124.8410000000003
105 118 4264.761
16 40 1857.3780000000002
2 105 3332.112000000002
14 79 1112.5919999999999
45 103 882.665
5 30 2046.8620000000005
46 68 758.348
86 104 9880.056
38 64 2837.464
78 100 3106.943000000001
3 106 5304.862
15 80 2299.4890000000005
0 37 1340.1050000000002
18 85 3476.786000000001
30 59 635.6470000000002
90 110 2962.5389999999993
63 93 418.684
82 106 4930.360000000001
29 100 1585.317
21 96 1235.6340000000002
0 73 1214.1080000000002
6 116 2298.385
41 110 523.658
1 37 661.5210000000001
74 107 1229.7350000000001
93 120 903.2969999999999
5 7 2306.8540000000003
37 76 1573.8189999999997
43 119 12997.060999999998
49 50 712.435
22 96 1545.5049999999999
7 53 854.5150000000001
67 104 1563.4289999999999
27 31 2155.745
26 66 1913.7299999999998
59 100 554.904
17 103 2516.133
0 50 1156.61
40 86 10326.313999999997
60 64 545.904
11 59 651.498
6 93 1457.6110000000003
23 33 2222.2560000000003
115 116 3387.427
1 14 696.1949999999999
33 83 2073.873
73 119 2917.5360000000014
64 70 527.704
37 53 763.7810000000002
116 117 2616.8199999999993
2 95 1111.5420000000004
14 69 2294.021999999999
97 103 1874.221
36 93 1141.295
55 106 1085.3500000000001
7 66 517.983
27 44 1744.0690000000006
59 113 7226.920999999999
100 114 2326.851
5 105 3626.2340000000017
71 87 2560.3620000000005
30 49 596.2130000000001
29 90 3645.1870000000004
41 64 272.52399999999994
60 77 2065.947
6 106 2263.2940000000017
10 76 287.862
2 72 3043.813000000001
22 50 2267.9869999999996
14 46 1335.5709999999997
34 61 1887.935
85 106 1697.5430000000001
45 70 2247.7390000000005
51 113 6879.399
35 105 13402.019999999991
14 82 4184.726999999999
47 79 1204.5290000000002
67 94 544.382
0 4 491.812
18 52 2530.1359999999995
59 90 3800.2600000000007
78 103 1792.342
11 13 994.484
17 93 1059.1290000000001
36 106 1070.239
9 89 1297.428
29 67 1382.252
12 14 533.978
44 46 501.02399999999994
62 100 9686.638999999992
54 96 1329.9119999999998
34 38 3096.0960000000005
2 85 2034.5580000000007
43 86 21137.596999999994
22 63 1055.193
67 71 2581.9590000000003
32 113 5952.752000000001
78 80 2482.8489999999997
70 76 1541.377
16 105 2556.2380000000007
17 70 1555.975
36 83 2837.7929999999997
28 79 699.0770000000001
47 92 1634.6260000000004
6 60 2529.633999999999
71 77 1969.074
17 106 1181.1689999999999
27 119 4366.0689999999995
73 86 10675.738999999996
25 46 4340.666
2 62 8460.927000000003
54 109 1678.0570000000002
14 36 368.631
34 51 1269.4270000000001
85 96 1503.0119999999997
13 77 1128.721
12 112 6883.290999999999
4 108 1717.7079999999996
23 121 1508.7320000000004
35 95 15679.775
55 73 2019.7500000000007
1 102 2300.2439999999997
47 69 2803.964
7 33 1366.8229999999999
13 113 7614.398
99 116 3456.803
77 97 2875.406
48 70 946.455
5 108 2505.6870000000004
6 73 904.5130000000001
50 116 1570.4639999999997
10 43 9906.665999999997
2 39 8038.497000000003
81 103 2305.985999999999
54 86 10526.902999999993
33 63 588.94
25 59 4148.987999999999
39 106 8913.663999999999
32 67 4134.705999999999
51 80 1569.5559999999996
22 53 1139.974
87 119 2988.3830000000007
7 10 1818.5329999999994
66 96 366.68899999999996
1 79 722.682
4 121 1210.766
32 103 4655.6280000000015
24 99 2938.4040000000005
55 86 11520.976999999997
28 69 1469.327
68 105 2849.178000000001
1 115 1624.5869999999998
38 119 997.8770000000002
50 93 1400.0890000000004
69 106 1109.3070000000002
61 102 1650.5339999999999
62 67 9646.971000000001
80 115 3150.070000000001
33 40 1089.559
25 36 3493.976999999999
44 49 1083.7310000000002
30 114 1201.096
31 79 1409.8239999999998
62 103 7769.220999999999
22 30 1250.607
103 104 1403.4009999999998
31 115 1775.1819999999998
64 112 7291.829
43 89 12225.115999999998
16 72 1420.678
35 85 15504.313999999991
55 63 1614.441
88 97 2327.443
59 70 1121.9550000000002
118 119 4397.598
65 113 7440.721999999999
17 73 1468.6789999999999
28 82 5263.813000000001
15 112 7010.767
40 56 554.896
27 86 12299.407999999998
18 117 2792.632
92 103 1988.1620000000005
10 33 857.6490000000001
110 120 2000.7330000000002
42 102 17552.750000000007
62 80 9356.121000000005
8 109 2480.2940000000003
73 89 1477.794
19 118 3192.6210000000005
11 114 1477.747
31 92 2021.1970000000003
23 88 1673.6170000000004
24 53 2085.738
103 117 1817.857
35 62 15367.579999999996
34 103 1201.864
24 89 1261.91
17 50 2376.2709999999997
57 86 21137.596999999994
9 46 1585.1360000000004
88 110 1000.478
46 113 7452.713999999999
77 100 1195.7990000000002
49 118 2945.6499999999996
90 119 5784.937000000001
80 105 1377.6950000000002
7 121 653.2989999999998
25 26 4803.371999999999
39 73 8810.189999999999
30 104 1601.6429999999998
31 69 1997.3609999999999
91 120 1108.879
2 42 16259.405000000008
54 89 1240.314
33 115 910.0499999999998
12 92 1259.3790000000001
53 93 257.014
32 70 3714.627999999999
24 66 1878.995
17 27 1124.4470000000001
36 40 392.36699999999996
28 36 1578.3770000000002
1 82 4459.564
47 49 751.1429999999999
57 99 9625.516999999996
50 60 1913.5450000000003
27 76 943.778
18 107 1805.2620000000004
71 119 3921.981
10 23 2117.6879999999996
83 93 2413.347
102 106 2089.766
62 70 8978.801999999996
0 95 1060.3510000000003
13 34 1447.53
72 83 3312.8259999999977
32 47 5181.311000000002
84 94 155.46099999999998
16 39 9701.092999999993
95 103 542.9009999999998
1 59 479.237
106 112 7159.860000000001
53 106 886.074
45 102 3201.1860000000006
64 115 786.959
56 111 1295.262
76 89 2850.820999999999
18 84 2489.040999999999
98 113 7740.872000000002
90 109 3721.9289999999996
50 73 1026.903
42 69 16501.38099999999
27 89 3012.818999999999
19 85 2803.864000000001
39 63 9352.623000000003
83 106 2094.1499999999996
75 102 2772.7489999999993
1 36 780.3910000000001
13 47 1489.9259999999997
53 83 2834.9839999999995
4 78 3010.4379999999987
10 121 1622.006
56 88 785.9200000000001
2 117 1350.4040000000005
14 91 1790.841
46 80 1884.01
78 112 5356.289999999999
89 121 1225.241
49 85 2422.064
42 46 15879.665999999997
15 92 2084.5359999999996
7 88 759.729
8 53 2138.068
20 27 1434.3639999999998
23 32 5467.480000000003
82 118 6180.165999999998
29 112 6638.975999999999
21 108 1102.364
40 121 886.358
41 86 11024.561999999993
20 63 2324.785
60 99 1745.8309999999994
53 60 1300.601
4 55 1173.6349999999998
23 68 2366.6710000000003
64 69 1009.138
43 46 10688.035000000002
108 112 7426.924999999999
33 118 1574.5319999999997
5 19 1165.6860000000001
64 105 3094.0210000000006
46 57 10802.390000000001
97 102 1084.719
76 79 1843.05
49 62 8454.654000000004
15 69 1271.219
67 116 2744.888000000001
18 74 3018.044000000001
59 112 7273.3279999999995
70 121 1006.768
30 48 1278.0469999999996
82 95 3191.6600000000008
7 101 987.705
48 102 2134.819
19 75 2942.4069999999997
60 76 1488.051
6 105 1370.1670000000001
11 71 1869.2150000000006
23 45 2906.7980000000002
94 105 2128.3060000000005
1 26 1234.492
60 112 6914.111999999999
33 95 2182.5950000000003
34 60 682.994
52 108 338.72100000000006
25 91 4646.7040000000015
72 86 12724.806999999995
44 104 1239.8289999999997
37 65 2293.8210000000004
3 72 7346.113999999997
22 85 1490.4580000000003
26 55 1715.9209999999998
5 32 3873.2320000000004
86 106 11030.733999999999
97 115 2456.6900000000005
49 75 2563.8940000000007
55 118 1648.857
7 78 2602.8539999999994
27 56 2527.9899999999993
18 87 2797.09
19 52 1725.09
79 103 1520.1250000000002
11 48 1149.4919999999997
12 13 853.2339999999999
5 117 2528.847
90 112 9558.162999999999
63 95 2256.048
82 108 4905.409
40 111 988.6829999999999
60 89 1822.756
33 72 2268.7140000000004
25 68 4473.598999999999
13 14 1302.5749999999998
16 19 2605.972
2 84 1319.1390000000004
14 58 6865.020000000001
25 104 4053.7060000000024
37 78 2993.853999999998
78 79 2541.9360000000006
2 120 1695.505
55 95 2147.69
8 20 3576.714999999999
18 64 2476.9710000000005
19 29 1234.222
78 115 4005.617
79 80 911.6369999999998
63 72 1840.445
9 101 1544.9230000000002
42 49 15374.348000000007
40 88 751.3810000000001
41 53 991.5980000000001
60 66 1917.028
11 61 2247.3380000000006
12 26 1481.2370000000003
31 39 7873.241000000003
4 22 1212.29
44 58 7231.579999999999
104 109 1715.0459999999998
62 112 5968.3910000000005
93 99 2935.5820000000026
45 59 2245.178999999999
64 72 2378.6789999999996
37 55 2463.273
14 71 1474.1370000000002
15 36 1058.847
7 32 4541.202000000001
66 118 3012.845000000001
26 45 3487.530999999997
86 96 10568.003999999999
89 101 1974.4270000000006
48 69 561.0010000000001
8 33 2658.864
27 46 1356.7700000000002
40 65 1834.6499999999996
92 112 7889.483
30 51 1066.277
29 92 1982.8449999999996
21 88 1502.9729999999997
41 66 1643.6480000000004
33 62 9531.979999999996
6 108 611.073
52 75 2611.651000000001
4 35 16397.34500000001
10 78 4164.990999999997
2 74 1498.644
14 48 1741.5529999999994
34 63 1222.9549999999997
51 115 2264.5789999999997
43 111 10378.368000000004
35 107 16060.567000000005
36 72 3111.491000000001
55 85 2336.2459999999996
1 114 1357.506
88 119 3629.9880000000007
47 81 1793.7390000000005
59 92 942.887
11 15 666.8800000000001
70 101 1597.5919999999999
17 95 2896.492999999999
36 108 1394.922
47 117 1692.719
48 82 5317.092000000001
0 42 15956.619000000006
41 43 10624.674000000003
4 12 1021.6199999999997
2 51 1286.7240000000002
62 102 8724.573999999997
81 115 3066.732000000001
73 111 1512.484
33 75 1029.9729999999997
74 76 941.699
20 105 4729.438000000002
31 114 768.308
37 45 2934.7559999999985
56 58 6913.566
51 92 1686.9560000000004
3 52 5857.001
22 65 613.5079999999999
107 109 1419.7909999999997
26 35 16047.921000000008
78 82 2962.802
35 120 14827.700000000006
29 46 896.2849999999999
47 94 1329.8460000000005
8 23 2204.7
0 19 971.697
92 102 3558.459
62 79 9246.941
73 88 748.7159999999999
19 117 2021.192
25 48 4626.9349999999995
51 69 2486.7579999999994
74 89 2450.995
106 121 1040.571
13 79 401.131
32 92 4850.527
51 105 2372.2150000000015
15 39 8620.154
28 58 7610.894000000001
99 118 2557.513000000001
57 121 11339.093000000003
58 86 13415.391000000001
77 99 3780.1650000000022
6 75 2850.347000000001
92 115 2531.8540000000003
10 45 3746.631999999998
42 114 16012.692000000008
2 41 906.181
3 6 6306.414999999998
4 87 1515.765
24 65 2919.519
3 42 19184.927000000003
84 116 2362.6730000000007
35 74 16657.186999999994
15 16 1880.5289999999995
7 12 452.71500000000003
18 21 2003.1929999999995
17 62 10245.877999999995
68 107 1220.3529999999998
28 71 2553.2230000000004
47 84 1355.5220000000002
0 9 1565.5030000000002
40 45 2156.109999999999
5 87 2694.518000000001
77 112 7056.821
50 95 1473.7370000000003
42 91 14139.699999999988
21 68 2208.8650000000007
62 69 10172.719
8 98 2522.1190000000006
0 94 1168.4260000000002
33 42 16097.649000000009
19 107 1270.617
25 38 5168.86
44 51 1360.965
10 58 7984.900000000002
23 77 632.737
51 59 1146.1730000000002
84 93 448.033
3 19 4289.543999999998
95 102 2227.5969999999998
87 98 234.916
20 108 3099.92
106 111 235.90400000000005
66 75 2422.5010000000007
12 104 1241.9979999999998
13 69 1903.939
4 100 1833.394
23 113 8086.423
24 78 2041.3199999999995
17 39 9823.447999999993
36 52 1641.557
96 103 1486.9420000000002
28 48 1426.961
55 65 1153.99
88 99 2697.057000000001
47 61 2252.2130000000006
65 115 255.85899999999998
38 98 1716.1649999999995
57 111 10378.368000000004
9 71 2298.0269999999996
40 58 6559.049
6 65 3234.482000000001
18 119 3918.619000000001
30 93 718.03
10 35 16138.518000000007
102 118 2568.335000000001
62 82 4696.312999999999
0 107 265.835
73 91 1217.1979999999999
60 121 1329.902
12 81 1944.8510000000003
13 46 1141.0199999999998
31 94 1282.4370000000004
51 72 3396.609
24 55 2571.4579999999996
16 51 2130.006
35 64 16254.534999999994
1 71 1748.9740000000006
16 87 808.7560000000001
17 52 1868.0190000000002
21 22 2647.5590000000007
27 101 1684.2480000000003
20 62 9744.969000000003
39 75 9952.198999999999
12 58 6959.028000000001
31 71 1159.7760000000003
83 118 1352.11
14 18 1710.8650000000002
33 117 630.182
13 59 391.028
53 95 1878.6170000000004
72 108 2442.7670000000003
16 64 1725.6420000000003
9 25 4281.612999999999
6 19 1782.9629999999995
38 88 2537.8529999999996
57 101 10466.259
98 102 3195.1959999999995
9 61 2879.6240000000016
50 62 8355.495000000004
77 79 630.7919999999999
7 100 742.573
11 70 821.9200000000002
39 52 8729.455
31 48 1444.8919999999996
42 94 15228.188000000002
2 21 1865.089
8 101 2830.149000000001
54 68 1342.422
20 75 1992.801
11 106 691.751
31 84 1286.0610000000004
72 85 903.3359999999997
64 81 2608.5699999999997
10 110 875.197
43 58 13955.524000000003
95 105 2738.9720000000016
1 61 2127.097
45 104 2040.466
64 117 730.61
65 82 5536.308
56 113 6913.566
17 42 15783.051000000007
97 114 2004.5460000000003
76 91 2526.379
22 120 1830.328
15 81 2783.218
26 90 2626.216
71 98 2635.2670000000007
50 75 2772.4650000000006
8 78 990.379
0 74 1478.6169999999997
40 110 1186.432
23 57 11831.816000000004
83 108 3292.83
1 38 2498.4050000000007
33 107 909.164
72 98 1606.45
44 116 2373.216000000001
4 80 2445.8749999999995
45 81 2943.9669999999996
16 54 2085.0560000000005
49 51 470.064
34 108 1475.065
6 9 387.431
49 87 1610.2439999999997
50 52 768.8739999999999
36 117 1418.0820000000003
7 90 3982.145
19 64 1936.054
2 11 1052.8450000000003
83 85 2838.909
21 110 2457.2019999999998
41 88 890.518
52 97 3223.718
53 62 9228.002
10 100 1287.0670000000002
56 67 1398.851
2 96 1428.8399999999997
22 74 217.29700000000003
108 114 1950.2480000000003
87 91 1531.4030000000002
53 98 756.069
25 116 2107.3169999999996
57 68 10585.269000000002
97 104 3277.6220000000008
3 97 3387.607999999999
14 106 1316.0339999999999
55 107 1378.462
26 80 2276.551
67 118 1935.9500000000003
11 37 745.276
17 117 787.4810000000001
82 97 3473.385999999999
101 110 1486.3059999999998
29 91 2384.5290000000005
20 42 17833.494
6 107 1932.0920000000003
12 38 2404.791
11 73 763.226
23 47 1175.672
104 121 1751.1290000000004
34 62 8645.707000000004
52 110 2328.829
3 74 5709.783000000002
22 87 1284.9389999999999
14 83 3206.424
15 48 718.7500000000001
59 91 1344.8740000000003
97 117 2922.712
36 107 430.712
55 120 2389.5760000000005
47 116 1417.3219999999997
8 45 926.8149999999999
18 89 1644.124
12 15 910.952
63 97 2910.041
48 117 1041.001
21 100 1914.4150000000004
25 70 3847.6729999999984
44 83 2951.7779999999993
4 47 1842.295
37 44 398.184
10 90 2333.5309999999995
56 57 11594.027000000002
3 51 5032.510999999999
14 60 1420.8560000000002
34 75 1743.4840000000002
66 107 1278.704
26 34 1420.9630000000002
67 72 1801.133
24 110 2416.1330000000007
57 58 13955.524000000003
89 90 4468.644000000001
49 54 577.956
7 57 11449.407000000003
47 93 1458.6870000000004
11 27 1881.5309999999997
111 114 1871.7740000000001
71 78 2060.1409999999996
36 120 1394.922
9 103 1500.7840000000003
0 54 425.999
41 55 1211.9339999999997
6 97 3327.309
52 64 2036.0260000000003
12 28 1029.767
4 24 1525.5240000000006
23 37 1279.8960000000002
21 113 7437.586
54 110 1360.987
25 83 4852.018000000001
20 117 2366.0269999999996
56 70 890.7080000000002
51 104 1233.316
2 99 2247.393
108 117 1200.676
26 47 2427.3119999999994
13 114 2165.259
78 94 2667.253
16 119 2677.0979999999995
89 103 220.577
36 97 1917.501
48 71 2606.5019999999995
5 109 2788.822
63 87 335.53999999999996
9 116 2283.4230000000002
29 94 1111.4319999999998
81 104 1281.0299999999995
33 64 247.84299999999996
39 107 8274.136999999997
44 73 359.76900000000006
2 76 1906.25
18 20 2918.8709999999996
32 104 5078.626000000001
24 100 2566.2470000000003
35 109 15557.133999999996
1 116 1975.638
19 21 1233.125
9 93 1257.8140000000003
29 71 1534.8980000000006
80 116 2397.13
41 45 2854.357999999999
6 87 1440.679
10 57 9906.665999999997
2 53 1146.1520000000005
81 117 1800.9869999999996
14 27 2473.591999999999
74 78 3985.738999999998
34 42 16201.639000000008
20 107 2085.405999999999
39 120 8723.796999999997
24 77 1823.5879999999997
1 93 561.62
26 37 1307.6409999999996
99 107 2128.1199999999994
118 120 2736.397
78 84 2779.353999999999
24 113 6095.771
77 88 1224.5339999999999
68 119 3595.1409999999996
21 44 1683.6179999999995
50 107 1308.037
42 103 15084.77800000001
62 81 9679.345000000001
8 110 2794.628
81 94 1490.5010000000004
54 77 1385.212
10 70 1277.8610000000003
22 44 1100.733
103 118 3120.8280000000004
54 113 6496.389
74 91 2771.929
20 120 3099.92
12 116 1868.9540000000002
13 81 1422.403
32 94 4089.892
24 90 4527.2480000000005
16 86 11664.434999999998
35 99 18179.06000000001
28 60 1807.1380000000004
1 106 836.5559999999999
88 111 797.627
99 120 3477.325999999998
46 114 2003.575
5 76 3161.865000000001
17 87 975.9850000000001
69 97 2515.3729999999996
21 57 12558.369999999999
40 70 541.941
39 74 9486.918999999998
30 105 2748.1660000000006
50 120 763.2159999999998
91 121 1946.096000000001
2 43 11073.682000000003
54 90 4035.5630000000006
32 71 4713.1230000000005
23 102 3731.2259999999997
84 118 2431.1130000000007
35 76 16214.884999999991
36 41 1325.6049999999998
15 18 2143.417000000001
1 83 2785.4659999999994
34 117 1129.964
18 23 2831.0189999999993
59 61 2547.373000000001
17 64 1044.722
76 113 8205.474000000002
9 60 2329.837
49 96 1153.0339999999997
28 73 667.8400000000001
69 74 587.902
29 38 3071.01
26 112 7950.481
92 94 815.824
58 101 8054.6309999999985
50 97 2599.388
110 111 736.8340000000001
42 93 15655.270000000002
102 107 1781.2749999999999
8 100 2585.7210000000005
54 67 1695.4560000000004
33 44 634.48
0 96 1165.0349999999994
73 80 1030.164
20 74 1408.9279999999999
25 40 3523.5439999999985
12 70 860.5310000000003
31 83 2641.109
32 48 2814.75
2 56 1090.347
84 95 2017.0330000000001
14 30 857.2740000000001
114 117 1586.304
66 77 549.622
106 113 7102.774
53 107 921.4290000000001
32 84 3934.431
64 116 2637.806000000001
17 41 1398.6970000000001
35 89 15191.555000000006
76 90 2497.658999999999
9 37 1021.9929999999999
1 96 650.1759999999999
99 110 2158.6880000000006
5 66 2347.0580000000004
6 31 1823.855
65 117 1437.3920000000003
9 73 704.716
50 74 2340.633
42 70 16208.353000000005
61 83 2549.0849999999996
80 96 893.2800000000001
8 77 1514.4109999999998
27 90 1945.3509999999994
30 95 1379.0740000000003
91 111 2874.749000000001
83 107 2458.8069999999993
8 113 6888.154000000001
54 80 2181.2980000000002
20 87 2554.531
12 83 3032.210999999999
52 119 2398.195
31 96 1279.0459999999998
72 97 3993.187000000001
51 74 2082.0249999999996
43 70 10951.165000000008
84 108 633.9609999999999
17 18 3346.7110000000002
35 66 14851.047000000006
87 113 7532.840999999999
6 8 1747.8390000000004
37 112 7576.342000000001
65 94 1692.7850000000003
17 54 2207.87
57 90 7948.803000000003
76 103 2732.227999999999
28 63 471.28900000000004
15 93 890.756
7 89 1330.0500000000002
18 98 2871.995
6 44 1283.9090000000003
58 91 8506.768999999997
71 110 2498.809000000001
10 14 2353.7360000000003
2 10 1728.39
54 57 11462.003000000004
20 64 1662.7579999999994
31 73 1328.1190000000004
4 56 1146.041
23 69 2871.5820000000003
13 61 2934.850000000001
72 110 2013.7459999999994
45 93 2443.828
65 71 2825.7179999999994
16 66 1526.4840000000004
17 31 1950.2070000000006
57 67 10740.025
76 80 2339.345
3 96 5564.535
88 91 1972.651
67 117 293.52
98 104 1465.7939999999996
49 99 3337.4790000000003
50 64 1752.9020000000003
69 77 2617.297
101 109 813.6949999999998
7 102 2791.8379999999993
80 86 10237.423999999999
27 80 3067.113
113 120 7579.9749999999985
18 111 2537.7880000000005
19 76 2884.7330000000006
11 72 2453.638
30 85 1734.7340000000002
2 23 2193.5609999999997
94 106 1290.161
60 113 6730.660000000001
32 51 4911.624
24 47 1747.0759999999998
56 79 998.8209999999998
35 56 15317.645000000004
45 106 2560.5399999999995
86 107 10512.732
56 115 1958.072
97 116 2267.3630000000003
3 109 5912.68
89 112 6121.897999999999
68 89 1915.7740000000001
14 118 2736.3249999999994
55 119 4765.057000000001
27 57 9422.941999999995
71 100 2711.733
63 96 1013.3440000000003
48 116 3069.7230000000004
8 80 2157.736
40 112 6605.456
60 90 3070.422
20 54 2533.2149999999992
13 15 1547.2279999999998
31 63 1460.2069999999999
23 59 1037.3180000000002
41 113 7087.667
72 100 1542.2769999999996
64 96 1179.68
38 44 2166.584999999999
17 21 2590.0550000000003
3 86 11338.271000000002
9 17 2128.3039999999996
28 30 960.6590000000001
15 60 439.398
67 107 1411.2810000000004
27 34 1850.5720000000001
46 84 589.711
6 11 1620.9480000000005
70 112 6764.125
30 39 8306.029
49 89 521.094
36 119 4039.7520000000004
42 50 14794.082000000006
82 86 8530.911000000002
28 115 1657.9659999999997
8 57 12686.538999999999
0 53 1048.9530000000002
19 66 1456.163
12 27 2273.0809999999997
112 114 6697.7880000000005
63 109 627.0969999999999
23 36 1605.3549999999998
29 116 2063.762
115 119 4376.583
41 90 3199.1339999999996
60 103 1674.0230000000001
33 86 11207.416999999992
64 73 1094.677
116 120 2210.42
2 98 1734.6110000000006
108 116 2412.588000000001
14 72 3221.9939999999997
66 119 2878.249000000001
86 97 10702.069000000005
57 70 10951.165000000008
97 106 2303.955
68 79 980.1040000000002
55 109 2135.744
15 73 1273.548
67 120 1014.5699999999999
18 78 2013.1719999999998
79 94 258.92999999999995
11 39 8582.68
30 52 1247.8750000000002
63 86 11280.869999999994
82 99 4834.316999999999
0 66 1071.416
60 80 2654.031
20 44 2370.3250000000003
11 75 1740.3590000000004
12 40 545.995
4 36 785.424
44 72 2175.947
23 49 1446.0710000000001
41 103 1619.3800000000006
53 77 1285.59
93 113 7186.206999999999
44 108 729.595
45 73 2342.5150000000003
37 69 1819.796
51 116 1468.197
2 111 1018.388
7 46 989.9419999999999
67 97 3047.960000000001
18 55 2890.862
19 20 2571.166999999999
97 119 5005.501999999999
70 102 1662.046
89 115 2259.129
17 96 1653.789
28 105 2313.5150000000012
47 118 3246.2670000000003
40 79 1068.3229999999999
11 52 1262.2790000000002
52 53 1410.8100000000002
12 17 1592.0459999999998
4 13 1673.5269999999994
40 115 1651.4929999999997
60 93 1114.21
34 41 956.374
39 119 9370.479999999996
56 59 883.6150000000002
74 113 7562.705999999999
67 74 1603.433
26 36 1944.29
86 87 11118.906000000003
5 13 2748.879
18 32 4757.446000000003
38 47 2094.1510000000003
78 83 4911.623999999999
3 89 5083.540999999999
16 108 1351.469
35 121 15645.949000000002
47 95 1475.9950000000006
8 24 1087.2009999999998
67 110 1281.648
70 115 1316.3250000000003
71 80 2705.347
30 42 15824.983000000007
63 76 1133.373
82 89 4129.695
29 83 2443.4760000000006
40 92 1688.0620000000001
6 99 4275.465000000002
25 49 3195.1649999999986
2 65 1740.6109999999996
22 43 10067.621000000003
14 39 7984.668000000002
74 90 2528.051
20 119 5475.401000000002
25 85 5233.412999999998
45 63 2884.9479999999994
2 101 1801.9000000000003
43 102 10319.784999999998
35 98 15133.235999999995
26 49 1850.052
13 116 2663.188000000001
78 96 2428.1620000000003
89 105 2410.6860000000015
16 121 1381.669
28 95 2339.7329999999997
29 60 657.908
47 108 957.485
11 42 15866.626000000007
81 106 2767.6940000000004
25 62 5491.982999999997
44 75 1566.4380000000003
74 103 2332.4019999999996
59 60 1575.3810000000005
18 22 2925.7420000000006
17 63 798.8840000000001
35 111 16344.669999999993
28 72 1772.3970000000002
1 118 2289.0689999999995
47 85 2475.391
19 23 2025.973
11 19 1488.0179999999998
30 32 3964.05
63 66 1389.4620000000002
77 113 7453.685999999999
29 73 1171.8569999999997
40 82 4211.968
6 89 1349.7329999999997
30 117 952.0620000000001
2 55 1392.55
3 20 4736.696
22 33 601.127
14 29 762.9480000000001
20 109 2846.0879999999993
66 76 2328.9809999999993
85 89 2664.2029999999995
13 70 1509.4320000000002
23 114 2212.881
51 96 1085.2989999999998
35 88 15810.834000000004
88 100 1146.0740000000003
7 26 1452.4679999999998
67 77 1376.3980000000001
13 106 1629.9650000000004
24 115 2757.2799999999997
16 111 1815.7770000000005
9 72 3001.1100000000006
28 85 763.142
21 46 1994.1519999999998
6 66 653.3880000000001
111 119 3915.2580000000003
50 109 1517.255
54 79 1460.6899999999998
11 117 661.711
22 46 713.434
103 120 1411.457
54 115 1826.0479999999998
95 116 1039.2979999999998
87 112 7579.248000000001
13 83 3439.131999999999
32 96 4283.569
4 114 1214.695
17 53 1248.258
47 75 2831.0630000000006
46 116 2688.1770000000006
6 43 12143.538000000004
58 90 8408.342999999993
69 99 2268.987
39 76 9894.525000000001
83 119 5668.3110000000015
3 10 6107.862999999999
54 92 2072.063
0 121 1113.848
31 108 1344.056
23 104 817.8449999999999
24 69 2965.5589999999997
43 82 13728.888999999997
1 85 1578.3240000000003
46 93 344.18899999999996
9 62 9056.012000000002
28 75 1316.8700000000003
69 76 897.378
61 72 4661.372
80 85 2290.397
26 114 2454.9350000000004
27 79 2234.1080000000006
113 119 9628.615000000003
50 99 3659.3760000000025
10 26 437.449
110 113 7883.488
62 73 9229.070999999996
81 86 10574.275999999996
54 69 2048.227
27 115 393.783
0 98 1555.0050000000003
19 111 1996.8709999999999
20 76 2172.4059999999995
4 68 1007.491
51 63 1829.8909999999994
3 23 6157.884
84 97 2696.5240000000003
35 55 17272.294999999995
95 106 1998.5289999999998
87 102 3026.44
106 115 898.7139999999999
4 104 2227.942
45 105 2487.3100000000004
24 82 2909.0480000000002
16 78 3684.6179999999977
57 79 11317.069999999998
56 114 1215.136
76 92 1754.029
36 56 789.7639999999999
28 52 1087.4689999999998
88 103 1267.5920000000003
6 33 2161.8140000000008
38 102 4688.43
57 115 9795.898000000001
49 111 1618.3579999999995
80 98 1535.4350000000006
8 79 2107.7490000000003
27 92 2489.1749999999997
0 75 1943.8970000000004
19 88 1490.816
30 97 2058.5649999999996
91 113 8395.028000000002
2 35 16259.405000000008
75 105 3706.525
54 82 4149.307999999999
94 118 2456.9740000000006
0 111 998.3609999999999
20 89 3106.4239999999995
52 121 1209.594
53 86 10903.438999999993
13 50 1314.6659999999997
12 85 1729.5070000000003
64 95 1974.2610000000002
43 72 9581.104
87 115 1798.5889999999997
1 75 1885.1640000000002
34 109 1481.272
45 118 3980.831
49 88 1109.016
50 53 1275.8350000000005
21 26 2538.638000000001
61 62 7385.969
27 69 179.57
79 116 2407.109000000001
39 43 17971.392999999996
71 112 5104.0779999999995
10 16 1362.5089999999998
2 12 1017.5749999999998
0 88 947.873
19 101 2374.9790000000007
12 62 8712.174000000005
13 27 2083.509
32 40 4188.535999999999
72 76 1019.0889999999998
51 53 1246.3960000000004
4 58 6526.789
84 87 469.07700000000006
75 118 879.8750000000002
34 86 10607.045999999993
65 73 1801.4590000000005
17 33 1135.763
3 98 5954.504999999999
49 65 2464.325
26 81 2760.2799999999993
46 96 938.8490000000002
5 58 5063.281
6 23 818.1980000000001
82 98 5357.566000000002
15 108 1595.254
101 111 1418.573
48 105 3404.4120000000003
11 74 1297.2279999999998
12 39 8289.744
23 48 2781.4770000000008
102 112 6519.169999999997
33 98 1037.222
12 75 2114.292
53 76 1556.2299999999996
52 111 2138.247
4 71 1606.1630000000005
72 89 3438.217999999999
44 107 1003.231
24 49 1057.5199999999998
16 45 3628.2969999999978
1 65 1807.7439999999997
46 73 853.846
5 35 16396.311000000005
65 86 11967.347999999996
78 105 2325.214000000001
86 109 11151.985999999999
38 69 3084.3100000000004
89 114 835.027
8 46 2457.157
98 119 2753.467
71 102 2253.6209999999996
29 105 3158.0450000000005
8 82 3405.118
41 79 1480.7569999999996
60 92 2435.8860000000004
6 121 1448.2900000000006
13 17 1094.379
4 48 1156.8559999999998
44 84 95.634
10 91 2554.182
16 22 1906.5309999999993
75 108 2360.6549999999997
41 115 988.719
74 112 7860.243
25 107 3561.888999999998
45 85 3460.5319999999997
5 12 2040.2000000000003
37 81 1632.9930000000004
56 94 975.4739999999999
3 88 5347.372999999998
67 109 403.432
18 67 2908.793
78 118 4670.099
71 79 2272.035
36 121 1278.725
42 52 14768.64500000001
7 94 293.096
8 59 2037.845000000001
0 55 1647.097
40 91 2073.7540000000004
39 46 9051.039
31 42 15923.855000000007
63 111 895.6950000000002
23 38 1547.7969999999998
60 105 3623.2110000000002
93 102 2679.805999999999
53 66 1061.724
72 79 2100.848
4 61 1953.048
25 84 4244.471999999999
37 58 7529.935
10 104 2598.0760000000005
56 71 1587.7350000000001
16 35 15145.200000000004
2 100 1830.843
3 65 5589.259
57 72 9581.104
49 68 1677.829
36 98 1719.8820000000005
55 111 873.189
5 110 2471.7520000000013
11 41 1081.087
30 54 690.451
48 108 1774.8939999999998
21 91 1641.9230000000002
0 68 1177.545
40 104 1607.2629999999997
60 82 4520.624
10 81 2850.876999999999
2 77 1644.6370000000002
74 102 2199.941
53 79 722.8309999999999
45 75 3599.0749999999994
3 78 5598.012
15 52 1759.748
7 48 1855.1989999999996
18 57 12042.284
78 108 2294.892
11 18 2105.943000000001
70 104 2023.9439999999995
30 31 432.78799999999995
17 98 961.8220000000001
36 111 1163.2379999999998
29 72 2798.2870000000003
47 120 957.485
0 45 2191.8219999999988
29 108 1449.979
62 105 9198.486000000003
1 9 1277.457
34 43 11096.713000000003
53 56 1071.3600000000001
39 121 8750.136
45 52 2347.7750000000005
51 95 1183.8350000000005
56 61 2169.3320000000003
14 64 1348.216
26 38 2581.165
13 105 2007.1670000000004
18 34 1743.7810000000004
78 85 3845.718
118 121 2270.5610000000006
48 62 9742.396999999995
71 82 2710.59
63 78 3484.1489999999976
21 81 1938.6180000000004
40 94 940.9359999999999
60 72 2883.245
33 55 1265.6029999999998
52 68 2067.5330000000004
54 114 1047.25
74 92 2366.75
34 56 869.9069999999999
93 105 2532.815
12 117 975.9480000000001
4 113 6526.789
43 104 12231.691
15 42 16328.828000000009
55 78 4043.895999999998
1 107 578.296
47 74 2399.231
88 112 6965.519999999999
13 118 2341.8260000000005
78 98 3090.7560000000003
17 88 1306.7720000000002
9 84 1020.6820000000002
29 62 8670.793000000005
92 118 2781.1020000000008
4 5 1584.2100000000003
50 121 1238.722
2 44 1223.5050000000003
62 95 7593.8449999999975
25 64 4233.597999999998
23 103 1788.2370000000003
84 119 3138.67
3 45 5170.075999999998
14 54 368.631
66 101 1337.313
13 95 2343.2369999999996
24 104 2048.615
70 71 1660.0470000000005
43 117 10795.837000000001
16 100 457.753
36 78 2775.057999999999
55 91 3236.948000000001
1 120 934.9989999999999
5 90 4208.256
77 115 2643.976
50 98 1559.0800000000004
62 72 11356.342999999997
27 114 2770.228000000001
33 45 3037.2129999999984
19 110 2194.62
30 119 3646.0700000000006
51 62 8311.417000000003
2 57 11073.682000000003
3 22 5667.519000000004
73 117 809.0770000000001
114 118 2889.2749999999996
20 111 1572.7539999999995
85 91 2010.1620000000005
32 85 3821.3469999999993
24 81 2959.3739999999993
43 94 11236.962
36 55 1811.9739999999997
28 51 1761.3730000000003
57 114 11820.926
9 74 2668.974000000001
21 48 2592.1250000000005
6 68 2306.2290000000007
58 115 7415.520000000006
10 38 2671.762
54 81 2665.0269999999996
73 94 108.67399999999998
25 54 3493.976999999999
20 88 2468.08
39 101 9499.321999999996
12 84 638.7510000000002
11 119 3637.7610000000004
95 118 3281.0060000000003
87 114 2083.702
4 116 2244.0850000000005
17 55 2036.358
9 51 919.5710000000001
28 64 1095.044
88 115 1472.009
47 77 573.737
6 45 2634.3069999999993
61 97 806.6669999999999
54 58 6496.389
27 104 2983.898
19 100 2143.4150000000004
20 65 1093.72
10 51 2579.217
51 52 1022.6669999999998
42 120 14827.700000000006
43 48 10051.287
84 86 10880.870999999994
54 94 1333.3030000000003
20 101 2817.523
12 97 2373.827
23 106 2323.7360000000012
64 107 661.321
35 80 14505.912000000002
36 45 2356.698999999999
47 54 979.4560000000001
49 100 1761.6150000000002
68 113 7448.702
69 78 4367.992999999998
61 74 3121.365
40 51 988.6949999999999
27 81 3550.841999999999
19 77 1400.7559999999999
39 55 9359.736999999997
50 101 1867.1100000000006
91 102 4168.59
110 115 768.2860000000001
62 75 10371.079999999996
27 117 1705.9010000000003
0 100 1637.1130000000003
72 88 2110.2640000000006
24 48 2550.9040000000005
3 25 4371.384999999999
16 44 1126.835
103 112 5923.982999999998
95 108 1931.6960000000004
1 64 847.9839999999999
106 117 837.1510000000001
34 98 1514.171
4 106 731.3370000000001
5 34 1479.9960000000003
65 85 1717.3640000000007
16 80 1487.7450000000001
57 81 12289.687000000002
76 94 1762.9420000000005
14 119 3410.0610000000006
46 108 1223.672
5 70 1827.2610000000004
38 104 1736.3240000000003
57 117 10795.837000000001
98 118 2042.7830000000001
69 91 3141.4660000000003
20 55 1595.9109999999998
31 64 1051.5549999999998
94 120 519.766
41 114 1649.2069999999999
33 110 405.711
4 83 2199.454
32 65 2440.629
24 61 1012.5249999999999
16 57 10414.648999999996
9 18 2534.755
28 31 1393.4470000000003
5 47 2444.8489999999997
6 12 1247.364
86 121 10752.655
38 81 849.354
50 55 2673.2940000000003
42 51 15206.028000000004
19 67 2103.7469999999994
79 118 2613.588
30 76 1833.389
2 14 1130.848
62 65 10126.678999999998
75 84 1726.6940000000002
72 78 4762.130999999999
24 38 3176.8050000000007
95 98 2383.853000000001
53 101 940.1029999999998
25 119 5260.616000000002
64 110 309.051
57 71 11975.585000000005
3 100 6036.612999999998
9 31 1624.058
68 80 1879.9979999999998
15 74 866.4860000000001
67 121 684.7879999999998
26 83 2387.077
98 108 907.737
71 91 2800.1349999999998
42 64 16254.534999999994
48 107 1080.0720000000001
11 76 1682.685
12 41 1472.637
31 54 311.934
94 110 1583.8080000000002
60 117 1259.8000000000002
52 113 7802.606000000001
13 42 15126.196000000007
53 78 3148.368999999998
72 91 2770.750999999999
24 51 1210.88
10 116 3398.6380000000004
56 83 3118.950999999999
34 101 1581.4599999999998
67 98 106.83299999999998
70 103 1274.0000000000002
7 83 3346.367999999999
8 48 2929.399
47 119 2772.5240000000013
11 53 303.42499999999995
12 18 2015.9410000000003
90 117 3241.868
23 27 3051.1520000000005
29 107 36.394999999999996
21 103 993.463
0 80 2016.421
40 116 1808.1160000000002
20 58 6641.861000000002
12 54 673.707
13 19 1988.8569999999997
44 86 10891.413999999995
4 50 1667.035
16 24 3045.0759999999996
56 60 1348.4300000000003
35 37 15348.135999999993
2 89 1337.7540000000001
22 67 1396.642
33 113 7453.756
74 114 2364.697
25 109 4585.601000000001
66 110 2028.6410000000003
45 87 2648.7120000000004
5 14 1905.112
57 61 11346.489
89 93 1386.6080000000002
22 103 2238.173
14 99 3128.1540000000005
55 100 2326.2840000000006
8 25 2663.1179999999995
27 38 3371.7270000000008
19 34 1209.136
71 81 3104.859999999999
30 43 11244.292000000003
17 110 1153.311
90 94 3845.2740000000003
42 54 15673.388
101 103 2252.1129999999994
19 70 1556.4010000000003
60 71 1810.0340000000006
11 66 1194.7459999999999
31 44 1240.3170000000002
63 113 7527.209
62 117 9564.415999999997
85 100 778.806
64 77 1787.7060000000004
10 106 903.0550000000002
56 73 980.9510000000002
51 107 992.079
26 50 2252.0519999999997
67 88 824.1690000000001
18 46 2584.039
78 97 3485.4800000000005
97 110 2550.7830000000004
49 70 1213.8039999999999
36 100 1801.9900000000002
55 113 6834.46
47 109 1676.6589999999997
7 73 267.473
0 34 204.35399999999998
79 98 570.805
92 117 1266.109
5 112 5411.071
63 90 3153.6819999999993
9 119 2387.541
48 110 358.76800000000003
40 106 895.6840000000001
60 84 1359.7320000000002
25 63 4642.249999999999
2 79 1534.7999999999997
22 57 10067.621000000003
74 104 2434.791
37 73 326.5690000000001
3 80 6381.491999999998
14 89 487.61000000000007
15 54 1058.847
1 119 3489.6600000000003
8 15 2246.3399999999997
63 67 447.24299999999994
36 113 6496.389
9 96 594.7379999999999
29 74 1253.118
41 48 658.4290000000001
60 61 2156.9190000000003
12 21 1038.9180000000001
52 57 11810.330000000004
4 17 1732.3370000000002
23 30 1667.4509999999998
21 106 2140.702
1 11 273.049
54 103 1121.721
73 116 2369.4960000000005
74 81 3068.6239999999993
53 58 7149.777999999999
44 89 1581.383
37 50 1245.5309999999995
10 96 1803.019
51 97 2301.119
43 93 10925.446000000002
3 57 12453.442000000001
22 70 1001.8890000000001
15 31 746.9129999999999
107 114 1134.962
78 87 3087.4030000000002
24 116 924.83
97 100 3361.808000000001
89 96 1172.3869999999997
55 103 2301.47
100 111 1587.7740000000003
19 37 1852.0490000000007
6 67 1543.5230000000004
11 33 759.1410000000002
111 120 1539.777
17 113 8167.6539999999995
63 80 1663.5289999999998
61 119 4625.182000000003
81 97 4062.9849999999988
41 61 2418.7980000000007
33 57 10529.896999999997
73 93 582.568
52 70 1833.5230000000001
25 53 4223.382999999999
39 100 9267.757999999994
54 116 2008.705
12 119 3319.576000000001
24 93 2196.4410000000003
55 80 3049.9140000000007
7 40 911.185
13 120 736.958
18 49 1439.7339999999997
5 79 2571.455
17 90 2719.2089999999994
36 103 1121.721
33 34 970.645
62 97 8169.698999999996
25 66 4016.6399999999985
39 113 9299.633
12 96 446.94100000000003
35 79 15102.871000000003
15 21 1868.3679999999997
1 86 10493.835999999994
47 53 1334.4330000000004
66 103 1199.788
59 64 1297.8459999999998
18 26 3046.745000000001
65 107 1457.031
36 80 2181.2980000000002
9 63 1750.2530000000004
28 76 1223.3500000000001
21 37 1683.3280000000007
100 101 347.24199999999996
11 23 1543.9299999999996
6 57 12143.538000000004
77 117 1406.603
50 100 1575.2669999999998
42 96 14992.194000000005
61 109 3227.937999999999
62 74 9905.799999999996
73 83 3347.7449999999994
39 90 11315.526999999996
30 121 584.7280000000001
31 86 10288.792999999996
51 64 1540.9519999999998
2 59 1285.4839999999997
14 33 1467.7310000000002
95 107 1359.0019999999997
74 84 1290.5959999999998
12 109 909.271
4 105 3406.425
32 87 4023.0029999999997
23 118 3309.469000000001
64 119 3839.9839999999995
43 96 11493.249000000002
16 79 1022.76
5 69 2774.1980000000003
6 34 1914.144
77 94 756.1089999999999
28 89 1981.7910000000002
15 119 4145.720000000001
80 99 4374.210000000001
40 63 1292.181
50 113 7169.300999999999
81 100 1248.3870000000002
0 112 6377.919
73 96 196.054
20 90 2350.8899999999994
51 77 708.425
24 60 1811.7089999999998
35 69 16501.38099999999
87 116 2633.013000000001
13 87 514.328
45 119 3434.9689999999996
5 46 2320.2540000000004
37 115 2008.4349999999997
9 53 1449.7090000000003
28 66 1181.2680000000003
77 107 1428.8259999999998
10 17 473.459
2 13 1670.9759999999994
62 64 9364.726999999997
80 112 7570.376
54 60 1052.225
27 106 1288.877
19 102 2225.986
25 33 4472.825999999999
11 98 926.7339999999998
30 111 945.5269999999999
32 41 3333.999999999999
23 72 2843.043999999999
22 27 801.6000000000001
20 103 2799.3979999999997
53 100 983.182
64 109 1210.6709999999998
16 69 1839.7739999999997
36 47 1496.7469999999998
46 97 2861.044
65 110 763.199
57 106 10606.249000000003
68 115 1566.3390000000002
69 80 2954.4320000000002
42 63 15630.779999999997
21 40 1318.8600000000004
7 105 2108.5540000000005
8 70 2191.0790000000006
27 83 1489.384
18 114 1819.2780000000002
39 57 17971.392999999996
30 88 421.686
10 30 1518.7160000000003
42 99 18179.06000000001
2 26 1531.3160000000005
62 77 8758.929999999998
8 106 2503.8799999999997
54 73 1378.9850000000001
31 89 1002.2039999999997
72 90 2479.8439999999996
51 67 1687.2369999999999
84 101 773.118
1 66 877.0929999999998
5 36 1473.5650000000003
38 70 3089.8649999999993
57 83 8791.968999999997
15 86 10879.910999999995
18 91 3036.8630000000003
38 106 2973.911
30 65 1791.4939999999997
50 80 1115.7409999999998
2 3 4432.272999999997
0 79 1295.8129999999994
11 88 7.773
39 70 8559.920999999998
24 27 3145.129
83 113 6560.211000000002
3 4 4690.451999999999
33 112 7500.1630000000005
53 90 3576.539
44 121 313.116
64 99 2012.0069999999992
57 60 10516.592
36 37 1504.9820000000004
28 33 847.2009999999999
34 113 6567.482999999999
46 87 678.2829999999999
6 14 1176.2820000000002
57 96 11493.249000000002
49 92 1754.6910000000005
50 57 12159.141999999998
42 53 15847.165000000003
101 102 3293.0209999999993
61 66 2716.9939999999997
18 104 2430.829
19 69 2750.318
20 34 2104.525999999999
79 120 402.71400000000006
11 65 1662.9389999999994
63 112 7573.616000000002
21 115 2922.415000000001
54 63 1511.0729999999999
0 92 1907.1860000000004
60 106 516.685
4 62 8742.058000000005
64 76 983.4850000000001
10 105 3435.641
56 72 3108.2230000000004
16 36 2085.0560000000005
86 100 11243.687999999995
5 26 2782.9600000000005
38 60 3543.2909999999983
56 108 1025.352
3 102 3569.0879999999997
49 69 2503.3469999999993
109 120 815.281
68 82 5101.621000000001
7 72 2467.341
27 50 2911.3230000000012
59 119 3016.2940000000012
18 81 3341.5879999999997
82 102 4028.2609999999995
8 73 2110.6210000000005
60 83 1785.5680000000004
6 112 7471.630999999999
11 78 2928.701999999999
52 115 2812.6290000000004
25 98 4627.4259999999995
44 111 1186.0399999999997
64 89 1869.4150000000002
56 85 2098.968
2 114 933.5640000000001
15 53 975.619
5 39 7382.065000000003
86 113 13268.365
78 109 3048.931
89 118 2923.611
27 63 1698.529
79 110 1839.965
11 55 1718.7479999999998
30 68 993.484
31 33 1290.7830000000001
63 102 2770.142999999999
29 109 1456.1859999999997
33 79 1124.519
44 88 433.314
24 30 1871.231
16 26 1563.4440000000002
1 46 756.4549999999999
14 65 2254.9999999999995
34 80 2222.5810000000006
25 111 4294.414999999999
45 89 1466.5760000000002
86 90 13843.997000000005
78 86 8298.774999999996
97 99 1731.146
3 92 6306.685999999997
14 101 1783.8540000000005
55 102 1471.6949999999997
15 66 1498.9969999999998
8 27 3661.438
26 75 699.427
59 109 455.96500000000003
71 83 3057.35
90 96 4038.9510000000005
17 112 8214.061
42 56 15317.645000000004
9 108 411.276
48 99 2172.9889999999996
21 82 4403.9890000000005
41 60 573.384
11 68 759.9140000000001
52 69 2764.108000000001
44 65 1974.0559999999996
104 116 1932.461999999999
75 89 2903.059999999999
1 23 1381.7459999999999
33 92 1806.2680000000005
105 117 2749.7679999999996
37 62 9429.981999999996
51 109 1588.6219999999998
3 69 5740.742000000002
43 105 12874.451
67 90 3272.395
13 119 2653.7819999999997
78 99 4744.619
89 108 1214.24
0 36 425.999
92 119 2389.2570000000005
11 45 2510.3429999999994
71 96 2141.257
63 92 1323.122
73 105 2019.6320000000005
22 59 1348.774
34 70 385.52299999999997
74 106 728.4739999999999
26 29 1395.8770000000002
5 6 3182.557
32 109 4314.56
38 40 2678.235
37 75 1667.3390000000004
43 118 9139.382000000001
16 101 471.4029999999999
35 114 16012.692000000008
36 79 1460.6899999999998
1 121 428.31800000000004
7 52 608.263
8 17 3112.4520000000007
67 103 1857.9040000000002
18 61 876.248
19 26 2389.4020000000005
11 22 1204.926
70 108 1513.7099999999996
71 73 2254.1650000000004
9 98 1236.893
28 111 1185.179
29 76 1660.7239999999997
41 50 1728.8420000000003
33 46 247.18100000000004
12 23 1211.662
4 19 1304.019
33 82 5106.675000000001
73 118 2565.648000000001
31 121 1227.859
51 99 3212.321
56 65 2141.229
3 59 5481.708999999999
35 91 14139.699999999988
55 69 1206.554
1 98 876.421
67 80 1216.286
107 116 2027.367
86 93 10914.022
78 89 1910.8310000000001
24 118 3407.862
65 119 4546.7660000000005
89 98 1666.3970000000004
36 92 2072.063
55 105 4019.094000000002
28 88 795.4330000000001
8 30 1923.5610000000006
48 66 1874.231
11 35 15866.626000000007
9 111 2177.1460000000006
29 89 1295.371
8 115 3259.6890000000003
73 95 2085.1340000000005
25 55 4647.488999999999
31 98 1669.0160000000005
3 36 4597.422999999998
14 45 1911.8720000000005
51 112 6482.534
55 82 5030.842
28 65 1943.3519999999999
17 92 1433.7430000000002
77 106 1862.2630000000004
40 75 1934.2190000000005
33 36 1493.972
25 32 5831.721
42 121 15645.949000000002
14 22 1796.9869999999996
34 37 1308.1970000000003
66 69 2574.9580000000005
39 115 9545.559
12 98 951.096
32 76 3305.129999999999
51 89 377.85699999999997
43 85 10089.353000000001
15 23 2050.0290000000005
1 88 265.27599999999995
26 32 3524.333
18 28 2880.0570000000002
16 104 1937.381
57 105 12874.451
76 118 1167.6089999999997
29 43 11071.627000000002
47 91 1497.0440000000003
21 39 7945.514000000003
40 52 1346.979
111 112 7367.32
58 106 7197.5689999999995
69 115 214.213
110 116 3310.9200000000005
54 72 3111.491000000001
0 101 1704.7010000000002
20 79 2860.3640000000005
25 45 2258.761999999999
11 110 1008.251
51 66 777.4499999999999
84 100 654.756
14 35 15409.261000000006
4 107 337.61499999999995
24 85 3157.3820000000005
16 81 1971.4740000000004
17 46 1101.04
76 95 2944.991999999999
9 42 14670.163000000008
1 101 1184.4510000000002
107 119 4019.5540000000005
6 36 1544.913
57 118 9139.382000000001
58 83 6526.939
77 96 517.0179999999999
49 114 1149.094
69 92 2442.7749999999996
21 52 1108.0220000000002
80 101 1843.4650000000008
27 95 2948.205999999999
30 100 1165.2430000000002
42 111 16344.669999999993
54 85 2102.2360000000003
94 121 475.157
73 98 532.1769999999999
12 88 445.572
13 53 1005.5930000000001
72 102 3843.615999999998
23 97 3508.1429999999987
24 62 7216.534000000004
84 113 7288.193999999999
16 58 8223.476
7 9 761.104
13 89 1790.185
57 95 11764.31
76 108 2187.279
28 68 991.6159999999999
68 104 1729.894
38 118 3522.197000000001
58 96 7514.965
10 19 2635.7639999999997
69 105 3923.612
42 88 15810.834000000004
62 66 8909.258999999998
54 62 8574.613000000003
19 104 1660.7609999999995
20 69 1439.8869999999997
30 113 6650.235
23 74 2929.213000000001
51 56 535.676
3 16 6489.892999999997
14 25 3457.7229999999995
87 95 2261.6799999999994
106 108 1571.0439999999999
53 102 2643.376999999999
45 98 2723.617
64 111 112.57700000000001
65 76 1201.1470000000004
76 85 516.217
22 114 2270.4680000000003
109 119 3318.246
14 110 1606.782
88 96 840.4560000000001
99 105 5035.825000000002
65 112 7929.796
49 104 1301.051
50 69 2745.3659999999995
69 82 5692.716
42 65 17053.398
15 111 386.2300000000001
61 78 2719.7350000000006
26 120 1814.3929999999996
20 46 1983.0259999999998
39 59 8712.853999999996
23 51 1207.0240000000001
2 28 1599.0420000000004
102 115 2041.452
8 108 1898.1589999999999
54 75 2108.7740000000003
20 82 5057.897999999998
52 114 1974.1960000000001
13 43 10901.600999999999
72 92 1960.5749999999994
16 48 1948.6799999999992
87 108 951.5859999999999
53 115 1674.1049999999998
46 76 1208.946
38 72 2988.615
56 120 1025.352
68 94 741.1600000000001
79 109 640.6079999999998
71 105 2990.386000000001
90 118 1659.6570000000004
82 114 4304.849
2 5 1334.8560000000002
7 120 418.64599999999996
0 81 2500.1499999999996
31 68 1291.556
91 119 1779.3629999999998
35 38 13480.253999999995
1 45 2323.631999999999
25 110 4492.163999999999
13 56 1144.983
72 105 3652.209999999999
46 53 533.318
64 101 1182.106
37 84 435.53600000000006
56 97 2334.678
22 104 2340.5620000000004
14 100 1552.29
34 115 1460.758
67 112 7686.037
6 16 1821.859
37 120 737.6610000000001
69 72 1972.6899999999996
42 55 17272.294999999995
15 101 1487.8419999999999
7 97 2706.5690000000004
0 58 6331.512
18 106 2444.789
19 71 704.6220000000001
20 36 2533.2149999999992
11 67 819.9009999999998
31 45 2118.5889999999995
102 105 4688.980000000001
29 121 965.55
94 101 731.533
21 117 2033.3489999999997
12 68 1151.4640000000002
13 33 1402.718
44 100 750.39
4 64 763.519
32 46 3451.498
64 78 3404.1589999999983
10 107 1411.4780000000003
16 38 1682.7559999999996
2 103 1189.0210000000002
35 51 15206.028000000004
108 121 964.8459999999998
86 102 11484.244999999999
5 28 2777.485000000001
37 97 2938.2650000000003
3 104 5950.3049999999985
68 84 585.6990000000001
55 114 2110.565
15 78 3128.0659999999984
8 39 6996.929000000003
27 52 2602.8910000000014
11 44 403.457
30 57 11244.292000000003
29 98 1489.085
48 111 350.92999999999995
8 75 3542.4149999999995
12 45 2216.947999999999
31 58 6217.446999999999
52 117 1445.424
93 118 2006.894
18 60 2131.1130000000003
70 107 133.617
30 34 483.36699999999996
71 72 4249.313000000001
36 114 1047.25
7 87 683.6639999999999
8 52 1903.8169999999998
27 65 785.322
20 26 2217.21
60 62 8945.929000000004
12 22 1596.4759999999997
31 35 15923.855000000007
81 121 1965.6580000000008
41 85 1670.5740000000003
33 81 2508.142
93 95 1915.046
13 23 689.2139999999999
44 90 3493.2270000000003
64 68 252.01999999999998
105 106 3491.787
3 58 3073.654
22 71 2661.9359999999992
108 111 1893.4989999999998
26 41 1078.26
5 18 936.3470000000001
46 56 1374.2960000000003
37 87 218.889
78 88 2586.1749999999997
49 61 2103.29
36 91 2368.3320000000003
7 64 1408.8860000000002
8 29 1949.483
26 77 2137.5959999999995
67 115 1686.7019999999998
19 38 2788.951
30 47 1283.436
17 114 2718.515000000001
63 81 2147.258
82 94 4970.987000000001
48 101 1492.497
12 35 15465.338000000007
44 67 432.28599999999994
62 121 9169.016999999998
85 104 2241.454
37 64 1445.513
51 111 1601.7689999999996
2 106 925.3890000000002
43 107 11084.782000000008
14 80 1603.8069999999998
15 45 2709.7069999999994
67 92 875.879
13 121 814.961
78 101 3398.7860000000005
36 104 1898.1559999999997
55 117 1655.6830000000004
29 65 1618.8289999999997
47 113 7171.559
19 51 788.048
5 116 1797.8969999999995
6 81 977.3000000000001
73 107 1130.471
44 80 1389.933
74 108 1924.5569999999998
7 18 2414.73
85 117 805.6
32 111 3141.830999999999
24 107 1485.858
43 120 11661.299000000003
36 81 2665.0269999999996
55 94 1911.0760000000005
48 55 1187.9959999999999
59 101 805.82
19 28 2075.0109999999995
5 93 2252.060000000001
92 98 975.0699999999998
11 24 1788.5760000000007
63 71 2469.5380000000005
58 105 8700.521999999997
77 118 3163.174000000002
9 100 1253.0800000000002
29 78 2830.114999999999
40 87 1252.609
81 88 2130.5430000000006
33 48 579.7599999999999
52 61 2928.3920000000016
4 21 1951.212
22 38 3211.4670000000006
73 120 411.09200000000004
114 121 1190.905
25 80 4628.205000000003
32 88 3936.5519999999997
24 84 2106.8269999999993
35 93 15655.270000000002
15 35 16328.828000000009
96 109 634.2649999999999
1 100 1008.833
47 67 1775.274
26 44 1084.7979999999998
13 111 1740.6960000000004
59 78 2676.5769999999993
36 94 1333.3030000000003
28 90 3243.659
21 51 852.7260000000001
40 64 927.866
41 65 1171.8759999999997
81 101 1480.8499999999997
44 70 1126.614
39 104 8362.781000000003
31 100 1751.1240000000003
10 77 2411.045
84 112 7334.600999999999
3 38 7078.494999999997
43 74 10069.056000000002
95 121 1942.697
66 94 605.78
