48
15 21 7635.746000000004
7 17 15162.430000000004
26 30 27430.47500000001
15 30 28203.935000000016
7 26 6750.607000000002
26 39 2772.0069999999996
7 35 7407.766000000003
18 35 3277.2850000000008
29 32 3248.298000000001
18 44 1895.0789999999995
8 9 6832.267
29 41 2275.512
40 41 2085.2139999999995
8 18 8468.598000000002
21 37 9772.842999999997
0 14 8797.418000000001
11 14 6902.468999999999
21 46 5721.31
11 23 8380.664000000004
0 23 7104.134000000001
41 42 13055.195000000003
25 34 1994.334
2 32 57587.12000000003
10 45 5188.602000000001
44 47 2613.6230000000005
2 41 58785.042
3 6 15282.569999999994
3 15 12260.699999999995
14 15 5018.135000000001
22 28 7172.2530000000015
14 24 3204.38
3 24 9661.822000000007
22 37 6173.3009999999995
3 33 12250.081999999997
14 33 4395.229999999999
14 42 14326.604000000007
3 42 17095.028
15 16 1782.7369999999999
17 44 15183.299000000006
18 21 6713.989000000001
7 21 9834.373
18 30 31239.659000000025
7 30 26967.333000000013
6 34 9514.751000000002
29 36 2364.8869999999997
21 32 5698.183999999998
6 43 28445.435999999994
0 9 9034.536000000004
29 45 3170.589
40 45 1013.4679999999998
10 22 6355.7519999999995
2 27 57533.59900000001
25 29 3511.5649999999987
25 38 2796.701
2 36 58826.26999999999
2 45 57040.15500000002
3 10 13288.078999999994
25 47 2151.079
22 23 805.6490000000001
14 19 3916.0239999999994
3 19 10277.564000000008
3 28 15236.726999999993
14 28 7254.904000000002
3 37 9616.909
36 43 29330.20399999999
17 39 11796.227000000004
28 39 6893.152000000001
5 46 2590.1690000000012
9 44 4070.2380000000016
6 29 10689.807000000004
21 27 6764.418000000001
29 40 2905.8969999999995
6 38 9910.662
6 47 5802.040000000003
21 45 6241.884000000003
10 17 14309.828999999998
2 13 55918.25599999999
10 26 4456.146999999998
2 22 58087.16300000001
10 35 2861.8019999999997
2 31 58397.437
25 33 4543.058
10 44 5127.311
2 40 57640.51400000002
32 41 1838.6559999999995
25 42 14296.565000000002
3 5 8446.314999999995
3 14 8198.557999999995
22 27 1403.936
13 46 3310.285
24 46 919.4890000000004
3 23 10174.637000000006
14 23 4136.816999999998
35 46 2795.748
14 32 3246.6010000000006
17 25 15057.627
17 34 15344.819000000009
28 34 7145.075999999995
36 47 3801.324000000001
7 11 1373.4769999999999
9 30 29315.316000000028
28 43 29467.97800000001
17 43 14909.402
9 39 1759.733
6 15 3157.611999999999
6 24 8597.571
21 22 6852.545000000003
29 35 6093.694
21 31 6420.344
29 44 3042.813000000001
40 44 1889.6870000000004
6 42 21474.807
10 12 5573.358999999999
10 21 6647.069000000002
10 30 29778.884000000016
2 26 53912.85599999999
25 28 5483.002
10 39 4983.007
2 35 57358.782999999974
32 36 1763.3799999999999
13 32 3246.6010000000006
32 45 683.2649999999999
3 9 7360.669999999998
35 41 4235.8550000000005
13 41 4444.522999999999
3 18 10046.558
16 37 2411.819
14 18 2369.8340000000003
17 29 15604.562000000009
5 27 1856.3780000000006
28 29 8662.306999999997
9 25 4201.5650000000005
36 42 13106.463000000003
5 36 2586.2349999999988
17 38 17615.97300000001
28 38 7245.055000000001
9 34 4341.758999999998
17 47 14882.039000000004
6 10 4190.560000000001
6 19 8819.181000000002
29 30 33994.520000000026
21 26 9773.937999999998
21 35 5116.488999999999
6 46 8034.069000000003
39 43 25675.746000000006
2 3 56578.95900000002
2 12 57304.770000000004
10 25 4287.299
12 44 1385.756
24 27 870.12
13 27 2759.571
3 4 13345.312999999993
35 36 4126.327
24 36 1462.4650000000004
1 34 5559.132999999999
16 32 3937.717
13 36 4485.750999999998
13 45 2699.6360000000004
24 45 754.2289999999998
1 43 29763.758999999995
16 41 5586.115000000002
35 45 3182.9069999999997
9 11 7947.007000000003
17 24 14256.103000000006
5 22 1501.7289999999998
36 37 6986.558
9 20 7643.555000000001
28 33 3912.9879999999994
17 33 13953.090000000002
5 31 2157.4019999999996
9 29 4601.501999999999
28 42 19067.070000000003
5 40 1454.17
9 38 6998.2660000000005
6 14 8051.812999999998
9 47 5182.654999999999
6 23 9530.008000000002
42 44 14346.390999999996
6 32 8118.822000000001
21 30 35853.65600000001
20 34 7252.896999999997
31 34 655.017
39 47 3795.6479999999992
10 11 3757.357000000001
2 7 51592.35999999997
31 43 28901.370999999992
20 43 27980.974000000002
23 39 3609.8459999999986
2 16 54563.50100000001
4 44 3950.5839999999994
13 22 3493.6049999999987
32 35 2935.4970000000008
16 18 3429.590999999999
1 29 7076.364000000001
13 31 4056.917999999999
32 44 942.6419999999998
35 40 4019.5750000000003
1 38 5914.704000000001
13 40 2818.5869999999995
16 36 5627.343000000001
24 40 847.1909999999998
1 47 2002.5690000000004
5 8 8831.777999999998
17 19 14871.845000000007
5 17 13562.262999999999
9 15 6047.329
5 26 4593.672
17 28 16939.735
9 24 3025.6220000000008
28 37 5889.112000000002
5 35 5001.603999999999
17 37 11193.770000000004
9 33 5424.424
5 44 2622.679000000001
6 9 9063.486000000003
6 18 7681.189999999999
19 46 1144.751
8 46 9470.763999999996
20 29 8752.654
39 42 14895.100000000006
23 25 2423.5969999999998
12 25 1497.0839999999998
31 38 4554.2040000000015
12 34 1959.0070000000003
23 34 1040.21
20 47 3540.185999999999
2 11 52040.494
31 47 3682.208
23 43 29092.678999999996
12 43 27569.294
4 39 4889.314
1 15 4695.847999999999
13 17 11238.911000000004
13 26 2210.4039999999995
24 26 5055.315
16 22 4888.235999999999
1 33 4251.337
13 35 4829.245
24 35 3705.697000000001
16 31 5198.51
13 44 4079.502000000001
24 44 1087.337
16 40 4441.586999999998
9 10 6462.420999999999
38 46 3672.397000000001
9 19 3838.574000000002
5 30 31183.962000000018
9 28 8187.516000000004
5 39 2122.2
27 36 2253.9459999999995
6 13 8051.812999999998
8 32 9407.079999999996
19 32 1060.2140000000002
27 45 481.8960000000001
8 41 10455.047000000008
42 43 38203.862999999976
0 37 11170.725999999999
0 46 6030.5470000000005
11 46 6884.725000000003
20 24 6766.331
12 20 6427.614999999997
39 46 2815.985
12 29 2582.3419999999996
23 29 1855.6860000000001
31 42 12722.623000000005
20 42 19537.654
4 25 3060.1429999999996
23 38 4925.019
12 38 4293.785000000001
4 34 5054.476999999998
23 47 4079.8920000000003
1 10 3687.229
12 47 2974.4240000000004
4 43 28947.13500000001
13 21 8650.619000000004
1 19 4881.037
16 17 12844.48
1 28 2814.4259999999995
13 30 28860.610000000022
24 30 31705.52100000002
16 26 2990.798
1 37 6227.461000000002
16 35 3169.268
1 46 4307.292000000002
5 7 9297.567000000001
38 41 4411.994
5 16 4938.104999999999
9 14 1389.6319999999998
7 44 8792.338000000002
27 31 1825.1129999999998
8 27 8920.049999999997
19 27 1807.6089999999997
27 40 1049.7009999999998
8 36 10527.899000000012
19 36 835.9949999999999
11 32 6969.478000000001
0 32 6007.4209999999985
8 45 8860.115
19 45 1438.14
0 41 6776.646
11 41 8688.37
42 47 15986.060999999992
12 15 4871.786999999999
20 28 2545.564000000001
4 11 5516.793000000001
39 41 3950.2229999999995
12 24 490.106
23 24 1254.61
20 37 4486.278999999999
4 20 3199.9620000000004
23 33 5463.339000000001
12 33 4149.349000000001
4 29 6571.708
23 42 12640.686000000003
1 5 6549.185000000002
12 42 13367.342000000004
4 38 5410.048
34 39 4018.8809999999994
13 16 3870.8999999999996
1 14 5939.4580000000005
4 47 1497.9129999999998
1 23 5848.693000000001
37 44 6148.295999999999
24 25 1682.305
16 21 7327.408000000002
1 32 4420.851
16 30 28823.47400000002
26 34 6368.396000000002
5 11 8016.053000000004
26 43 24415.111000000008
15 43 26369.911000000004
38 45 4280.742000000002
18 39 2034.4360000000004
7 39 7754.842999999999
8 13 6274.403
19 22 1322.4539999999997
8 22 9443.393000000007
0 18 7392.715000000001
8 31 10099.066000000008
27 44 1861.7619999999995
8 40 8979.065999999999
0 36 6622.6410000000005
11 36 8712.292000000001
11 45 6943.483
41 46 1790.3329999999999
0 45 6551.121000000003
20 23 7524.982999999999
12 19 1201.7500000000002
20 32 5956.816999999998
4 15 4108.153999999999
23 28 7527.286000000002
4 24 4650.151
23 37 6749.032999999999
12 37 5225.648
4 33 3392.1449999999995
1 9 6879.141
22 41 1142.358
34 43 29501.713999999993
37 39 3425.244
3 46 10556.508000000007
14 46 3310.285
15 20 1961.816
26 29 6991.731000000002
5 6 9200.794000000002
7 25 8371.986
18 25 1737.2780000000005
38 40 4692.576
26 38 8093.326999999998
15 38 7607.449
18 34 2488.8580000000006
7 34 9943.154
26 47 4959.8820000000005
15 47 3945.5160000000014
18 43 27517.269000000004
7 43 28300.833
11 13 6902.468999999999
0 13 8797.418000000001
8 26 5645.034
19 26 5992.803999999998
0 22 7161.782000000002
11 22 7990.491000000001
8 35 9878.557999999999
19 35 3823.692000000001
0 31 6729.581
11 31 8300.765000000001
8 44 10239.980999999994
19 44 785.6730000000001
0 40 7050.726
44 46 899.7270000000001
12 23 1422.543
4 19 4376.3809999999985
4 28 2643.224
1 4 958.7719999999999
1 13 5939.4580000000005
3 32 10471.971000000007
45 47 2641.3270000000007
22 45 1292.5009999999997
34 47 3718.872
3 41 10479.722000000009
14 41 4444.522999999999
15 24 5571.737
18 20 6153.642000000005
15 33 959.7980000000002
26 33 3434.5839999999994
18 29 3112.1929999999993
7 29 10850.063000000004
26 42 15727.450000000008
15 42 18448.973
18 38 4533.979000000002
7 38 10819.965000000004
7 47 7152.8430000000035
8 12 9124.730000000005
18 47 2731.2330000000006
0 8 15191.920000000006
19 21 6386.523000000001
0 17 19922.404999999995
11 17 14157.688999999998
8 30 23200.83600000001
19 30 32643.010000000006
11 26 5441.006999999998
0 26 10893.898000000003
0 35 6740.785000000002
41 45 1937.502
4 5 5990.634999999999
25 37 6315.746999999999
4 14 5347.851000000001
25 46 959.3219999999998
2 44 58420.02100000003
22 31 754.7529999999999
3 27 9695.969999999994
14 27 2759.571
22 40 1238.7050000000002
34 42 13305.546000000004
3 36 10552.574000000013
14 36 4485.750999999998
37 38 8467.005999999998
14 45 2699.6360000000004
3 45 9987.559999999994
37 47 5056.481000000001
15 19 5973.380999999999
7 15 3317.867999999999
7 24 8757.827
18 24 1019.957
26 37 844.955
15 37 2875.2160000000003
18 33 3819.7470000000008
7 33 4172.313999999999
26 46 5005.399999999999
18 42 13897.193000000003
7 42 21635.063000000002
0 3 16429.048000000003
8 16 7350.551999999995
0 12 6617.372
11 12 7208.098
21 44 5449.955000000001
0 21 3738.325999999998
11 21 8875.615000000005
11 30 27091.606000000007
10 34 6257.6579999999985
25 32 936.1959999999999
10 43 27456.034000000003
4 9 6287.534
2 39 55743.741999999984
44 45 1446.6610000000003
3 13 8198.557999999995
22 26 5589.130999999999
14 22 3493.6049999999987
3 22 9468.068000000008
34 37 7069.506000000002
22 35 4270.911000000001
14 31 4056.917999999999
22 44 1220.03
37 42 16480.108000000007
3 40 9400.099999999999
14 40 2818.5869999999995
36 46 1722.557
7 10 5090.614999999999
15 23 6504.174000000001
7 19 9185.897000000003
18 19 1731.6009999999999
15 32 5066.561999999998
18 28 6178.627
7 28 5590.037000000001
18 37 4978.382999999997
7 37 6037.311999999999
29 34 2759.0210000000006
8 11 9540.179
29 43 30272.129999999997
40 43 27797.696
6 41 9703.017000000005
21 39 8029.644000000001
0 7 11850.575999999995
0 16 8991.460000000003
11 16 3685.653000000001
10 20 1963.3210000000001
10 29 7757.415000000001
41 44 1422.6089999999997
2 25 58247.89500000003
25 27 2002.4299999999998
2 34 59013.80000000001
25 36 2073.072
10 47 2544.947
2 43 49511.60999999995
3 8 7833.413
14 17 11238.911000000004
3 17 7697.906000000002
22 30 32239.337000000018
14 26 2210.4039999999995
3 26 9205.038000000004
14 35 4829.245
3 35 12784.277
14 44 4079.502000000001
3 44 10589.018000000007
36 41 156.013
15 18 4655.355999999999
7 14 8212.068999999998
28 46 5893.234999999998
17 46 14446.211
18 23 1952.394
9 42 13335.418000000005
7 23 9690.264000000001
6 27 8586.270999999999
21 25 4959.569
29 38 3923.784
0 2 62590.078999999976
21 34 6291.924000000001
29 47 5547.642000000001
6 45 8092.826999999999
21 43 33350.37299999999
10 15 1816.5870000000002
10 24 5771.092000000001
2 20 54363.28700000001
10 33 1505.888
2 29 59637.135
25 31 1974.464
10 42 18542.414999999997
25 40 1979.5010000000002
2 38 60695.874000000054
2 47 57034.54
3 12 9898.122000000008
22 25 2072.212
3 21 16204.086000000003
14 21 8650.619000000004
14 30 28860.610000000022
3 30 26628.52900000002
28 32 6006.793999999995
7 9 9223.742000000002
36 45 1983.5810000000001
28 41 7333.341999999993
17 41 15074.003000000008
9 37 3420.965999999999
9 46 3590.1489999999994
6 31 9450.109000000004
21 29 8071.0790000000015
29 42 12179.058000000008
40 42 13540.568000000003
6 40 8693.186000000003
21 38 5170.227
21 47 5607.513999999999
2 6 53225.235000000015
2 15 53294.472000000016
10 28 3000.142000000001
2 24 57544.899000000005
25 26 6032.042999999998
10 37 3877.1679999999988
25 35 2406.7629999999995
32 34 1684.642
2 33 54056.35300000002
2 42 69420.07599999993
3 7 15379.342999999997
32 43 28097.587999999996
24 39 2500.2980000000002
35 39 4183.649
3 16 11761.912999999997
14 16 3870.8999999999996
13 39 660.301
3 25 11209.62499999999
16 44 4450.976999999999
14 25 3921.701
17 27 13895.497000000005
36 40 2051.962
9 23 3765.8579999999984
5 34 2784.1989999999996
28 36 7223.813999999996
17 36 15146.855000000012
28 45 6255.078000000001
6 8 10180.985000000004
17 45 13835.562000000004
9 41 4070.9429999999984
6 17 15307.033000000003
6 26 6590.351000000002
21 24 6198.092000000003
6 35 6017.161000000002
29 37 8049.944
21 33 7796.719
6 44 8384.404
21 42 16992.242000000006
10 14 5440.233
2 10 55036.078000000016
20 46 5855.722
10 23 6529.744000000001
31 46 1603.441
2 19 58256.543000000005
10 32 4961.577999999999
2 28 56560.973999999995
13 25 3921.701
2 37 53199.36799999998
24 34 1612.93
13 34 4673.281
32 47 2389.4450000000006
3 11 14097.828999999996
35 43 28528.040999999994
1 41 5747.398999999998
24 43 27983.131
16 39 3491.3389999999995
5 20 7678.577000000007
17 22 14062.349000000007
9 18 2990.9880000000003
17 31 14718.022000000008
5 29 3043.941999999998
28 31 7125.205999999993
9 27 2705.6879999999996
36 44 1354.8329999999996
28 40 7117.061999999998
17 40 13954.513000000004
5 38 5767.326
9 36 4143.794999999998
5 47 4455.552
6 12 8357.442000000003
9 45 2979.5
6 21 8439.664000000002
21 28 5329.915999999998
6 39 7594.5869999999995
39 45 2205.3360000000007
2 5 57578.638999999974
31 41 419.18600000000004
10 18 4897.106999999998
20 41 7441.162999999997
2 14 55918.25599999999
23 46 1956.615
12 46 734.2680000000001
4 42 17356.708
13 20 6614.361000000003
32 33 3770.1240000000007
13 29 5035.817999999999
1 27 5490.739999999999
32 42 13720.131000000003
16 25 4030.6249999999995
24 29 2297.6259999999993
13 38 6480.0470000000005
35 38 4403.16
1 36 5637.871
16 34 5601.793
24 38 4467.810000000001
13 47 4254.185
1 45 4694.451000000001
24 47 3159.645000000001
16 43 25990.68500000001
5 15 6067.119999999999
17 26 11356.695000000002
5 24 1695.4830000000002
9 22 3059.288999999999
28 35 3097.4869999999987
5 33 5344.682
17 35 15457.099000000004
9 31 3714.961999999999
28 44 6041.182999999996
5 42 13413.790000000006
9 40 2409.8179999999998
6 16 4834.9969999999985
6 25 7544.392000000002
42 46 14636.412999999995
21 23 6794.897000000001
20 27 6980.129999999998
39 40 2344.0119999999997
20 36 7331.634999999998
10 13 5440.233
12 32 649.731
20 45 6183.841
2 9 56483.104
31 45 1554.748
23 41 789.8589999999999
12 41 1730.2489999999996
4 37 5368.269
13 15 5018.135000000001
1 22 5809.260000000001
13 24 3204.38
32 37 5542.813000000001
16 20 3419.9829999999993
24 33 4405.109000000001
1 31 5539.262999999997
32 46 183.363
13 33 4395.229999999999
13 42 14326.604000000007
24 42 13082.626000000004
1 40 5531.119000000002
16 38 6478.604
16 47 2845.0250000000005
5 10 6327.897000000003
38 44 3394.5400000000013
5 19 2311.225
17 21 19765.111
9 17 11693.617
5 28 7760.7570000000005
28 30 31439.289000000015
9 26 2775.252
5 37 5239.385999999999
9 35 5728.7069999999985
27 34 2441.4760000000006
6 11 1149.344
27 43 27395.517000000003
6 20 2471.196000000001
19 39 3437.7869999999984
8 39 6820.78
11 44 7482.738000000002
0 44 5759.192000000001
20 22 7419.402000000002
20 31 7233.0269999999955
39 44 3585.202000000001
12 27 456.283
23 27 1979.668
20 40 7070.363
31 40 1623.129
4 23 5344.036999999999
12 36 1771.4769999999999
23 36 841.1270000000001
4 32 3916.1950000000006
12 45 344.84800000000007
1 8 10847.454000000005
23 45 1834.154
4 41 5242.742999999997
13 19 3916.0239999999994
1 17 16623.288
24 28 6607.039000000002
1 26 6187.324000000001
16 24 4345.971999999999
13 37 2856.1179999999986
35 37 5240.785999999999
24 37 5639.4850000000015
16 33 1060.299
1 44 4455.240000000001
16 42 17223.208
5 14 2497.1920000000005
9 12 2986.265
5 23 2208.2979999999993
9 21 9204.530000000002
5 32 2505.6320000000005
27 29 3064.8109999999997
8 25 10082.179999999997
27 38 4500.662000000002
19 34 757.2570000000001
27 47 2803.7950000000014
8 34 10725.863000000008
8 43 19324.92300000001
42 45 14474.167000000003
0 39 8338.881000000001
11 39 6445.243
19 43 28920.619999999995
12 13 2544.9980000000005
31 35 4228.260000000001
4 18 4359.6219999999985
23 31 463.28599999999994
12 31 1342.6439999999998
31 44 1235.7169999999996
4 27 4986.083999999997
23 40 1814.437
1 3 14273.652999999998
4 36 5133.214999999999
1 12 5097.765000000003
4 45 4189.794999999998
34 46 1640.1050000000002
45 46 715.1170000000001
1 21 3989.3639999999978
13 23 4136.816999999998
1 30 32603.07900000001
16 28 4017.9510000000014
1 39 5480.921
5 9 2073.694
46 47 2289.0080000000003
26 41 6139.638000000003
38 43 31604.901999999995
5 18 2263.8849999999993
15 41 6811.880000000003
9 16 4900.093999999997
18 46 1125.862
7 46 8194.325000000003
19 20 6730.830999999998
8 20 9299.607000000002
27 33 3975.5720000000006
8 29 10985.606000000009
19 29 2339.8089999999993
27 42 13849.811000000003
0 25 5268.8060000000005
11 25 7062.386000000002
8 38 12578.811000000002
19 38 4151.928000000001
11 34 8633.554
0 34 6601.161000000001
8 47 9554.315000000008
19 47 3277.640000000001
11 43 27296.091999999993
12 17 13669.985
20 30 29137.627000000015
4 13 5347.851000000001
23 26 6164.862999999998
12 26 4641.477999999999
31 39 3418.5379999999986
4 22 5304.603999999999
12 35 3520.4760000000006
23 35 4625.944
23 44 1633.4009999999998
4 40 5026.463000000001
13 18 2369.8340000000003
1 16 4132.281000000002
1 25 3564.799000000001
37 46 5379.079000000001
16 23 5278.409
15 27 5560.437000000001
26 36 6180.866000000002
15 36 6809.376000000001
5 13 2497.1920000000005
7 32 8279.078000000001
18 32 1062.1779999999999
26 45 4394.750999999999
15 45 5066.9929999999995
38 47 4689.2490000000025
7 41 9997.970000000003
18 41 2260.0999999999995
8 15 7703.050000000004
0 11 10823.062000000002
8 24 9364.859000000002
27 37 5051.870999999998
11 20 2448.5220000000004
0 20 8403.124
8 33 7735.032999999997
19 33 4801.463000000001
27 46 1092.5450000000003
0 29 8380.316
11 29 9540.463000000003
8 42 19495.796
19 42 13124.809000000003
0 38 5069.274
11 38 9510.365000000002
11 47 5779.366000000002
0 47 6906.060999999999
20 25 5282.537999999999
4 8 9988.262000000006
12 21 6528.380000000001
4 17 15800.930000000006
12 30 31291.684000000027
23 30 32815.06900000001
4 26 5299.464999999999
1 2 57715.205999999984
4 35 1006.8879999999998
34 36 395.90799999999996
22 34 1381.5500000000002
1 11 5948.188999999999
34 45 2108.6330000000003
22 43 28516.946999999993
1 20 3604.564
37 41 6513.317000000005
3 39 8813.812
14 39 660.301
7 18 7841.445999999998
26 31 5752.033000000001
15 31 6424.2750000000015
18 27 1042.965
38 42 12639.540000000008
15 40 5667.352000000001
26 40 4930.293000000002
18 45 515.213
8 19 10076.503000000002
19 28 6725.0340000000015
11 24 7448.227000000001
0 24 6507.329000000002
8 37 4975.712999999997
11 42 20325.463000000003
41 43 29284.124999999993
4 12 4593.109000000001
10 46 4860.483000000001
25 44 890.441
4 21 4264.640999999999
22 29 1788.445
1 6 6006.2599999999975
34 40 2223.472
22 38 4600.5030000000015
3 34 10750.53800000001
14 34 4673.281
22 47 3724.859
3 43 21597.21500000001
14 43 25138.22000000001
15 17 13223.705999999998
7 13 8212.068999999998
7 22 9300.091
18 22 1562.221
26 35 5284.125000000002
15 35 4269.759000000001
18 31 1872.495
7 31 9610.365000000003
26 44 5774.6169999999975
15 44 5579.821999999999
7 40 8853.442000000003
18 40 1171.453
0 1 5783.7310000000025
8 14 6274.403
40 46 1624.1169999999997
29 46 3332.835000000002
19 23 1109.867
8 23 10149.962000000005
11 19 7876.297000000002
0 19 6184.9890000000005
11 28 4685.439000000001
0 28 6954.211999999999
25 30 32682.249000000007
4 7 6592.054
25 39 3477.025999999999
14 47 4254.185
4 16 3244.046000000001
2 46 57650.80400000003
22 24 678.8779999999999
3 20 13857.256999999998
14 20 6614.361000000003
34 35 4264.924000000001
22 33 5016.776000000001
3 29 11010.28100000001
22 42 12573.445000000003
3 38 13733.664999999992
37 40 5368.789000000002
14 38 6480.0470000000005
3 47 12238.224999999999
7 8 10341.241000000004
