75
28 67 3683.1370000000006
29 32 1732.6740000000007
8 9 2491.9110000000005
29 68 654.141
73 74 2443.739000000001
44 47 6287.028000000002
22 28 13129.785999999991
24 74 3403.483
55 61 4722.802000000002
7 21 1157.5069999999998
18 30 2796.3559999999998
6 61 1400.3079999999995
54 74 2157.2030000000004
32 55 4456.925999999998
3 28 6474.389000000005
9 44 3756.346000000001
47 70 9367.948999999995
5 73 2835.8919999999994
6 38 2110.566
21 54 1807.871
2 40 3420.084
13 55 7397.200000000001
36 38 12375.823
7 11 11979.96
6 15 1218.8960000000004
58 62 917.7799999999999
9 57 4408.989999999999
29 35 948.997
69 71 5896.837999999997
61 67 3960.2159999999985
40 44 4387.22
27 74 3090.8519999999994
6 51 1056.0349999999999
62 68 123.271
13 32 3579.7650000000017
4 63 7650.567000000004
43 54 1089.8300000000002
16 37 15987.100999999999
35 50 6357.241
1 57 1118.417
13 68 5533.075999999999
16 73 11923.907000000005
57 74 1147.465
36 51 10607.097999999998
9 34 10139.548999999999
28 47 6545.750000000002
42 67 3874.5290000000005
31 57 12811.69900000001
23 53 1789.7270000000003
2 30 3565.2310000000007
1 34 11682.045999999995
32 58 2190.429999999999
9 11 10139.548999999999
1 70 9329.287999999999
5 40 3042.2479999999996
38 74 1910.6580000000008
30 69 575.5920000000001
2 7 1003.9849999999999
13 22 7960.174
31 70 16978.81700000001
23 66 2792.643
16 27 12592.376
46 55 5841.376999999994
28 37 13241.764999999992
27 41 2288.6929999999998
58 65 833.087
42 57 828.702
61 70 10990.431999999992
19 73 2735.747
20 38 2132.633
60 74 1635.8189999999997
39 51 2006.9620000000004
12 34 7426.346999999996
11 69 11125.840999999997
31 47 7735.261
4 30 138.13899999999998
23 43 1907.0290000000005
1 24 4263.411999999999
34 58 12408.796000000011
13 35 6102.979000000005
4 66 5842.440000000003
24 44 2112.168
3 70 12004.463999999994
49 73 1534.9590000000003
8 41 2194.6530000000002
27 54 1282.8719999999998
0 37 12246.614999999998
11 46 7720.186000000001
41 74 2572.5850000000014
33 70 12009.137999999994
12 47 579.866
23 56 4107.768
16 17 4584.779
22 60 12085.335999999992
5 7 1372.607
49 50 5397.287999999997
15 57 1104.5480000000002
7 53 165.125
18 62 586.227
71 74 2294.821
50 51 4677.561000000002
63 70 13918.518999999998
19 63 6342.442999999999
20 28 3000.3550000000005
12 24 5895.123999999999
31 37 4323.916
4 20 1236.6599999999999
23 33 1231.3730000000003
34 48 12637.829999999996
45 57 1316.4950000000001
64 70 20154.503000000004
16 30 12724.584000000006
22 73 12793.074000000006
49 63 7700.598999999999
7 66 4371.974
27 44 4003.563999999999
0 27 2106.384
19 40 2910.451
33 60 2936.031000000001
12 37 7426.346999999996
25 56 1370.2269999999999
44 69 5093.564999999999
2 72 7779.88
22 50 8458.643
34 61 10182.831000000002
45 70 8645.148
15 47 4910.951999999999
29 67 2896.1430000000005
8 44 2374.538
11 49 11931.46999999999
12 14 7426.346999999996
33 73 4350.619
45 47 5612.696
3 50 4099.479000000002
22 63 5854.0779999999995
67 71 5591.054999999996
59 67 5278.813999999999
7 56 2889.184
8 21 1274.3580000000002
0 17 8421.563000000002
40 53 2554.4869999999996
63 73 8940.040000000006
60 67 2875.2490000000003
3 27 6710.995000000002
34 51 10607.097999999998
37 56 11428.301999999992
3 63 2659.551999999999
36 60 12085.335999999992
55 73 2275.7260000000006
15 37 11606.966999999997
47 69 3832.109
18 42 868.212
5 72 6482.1630000000005
48 70 10207.483999999999
21 53 1207.6650000000002
40 66 6059.310000000007
2 39 743.745
33 63 6744.392000000002
25 59 6593.735000000001
32 67 3681.8309999999983
3 40 5697.543000000002
22 53 11944.466999999991
35 72 8357.638
14 49 11931.46999999999
36 73 12793.074000000006
28 69 3998.733
8 11 10477.646
40 43 2592.872
6 50 5699.711999999999
62 67 2622.098
33 40 4690.604
25 36 12424.936000000002
44 49 2093.4270000000006
51 57 1856.488
66 73 5910.766000000002
13 67 5977.590000000001
47 59 1722.2470000000003
5 62 1805.729
6 27 3283.9420000000014
9 69 6380.429
29 47 5291.866
21 43 1324.9670000000003
40 56 624.616
6 63 7035.559000000001
2 29 893.434
51 70 10581.231999999995
35 62 1309.7409999999998
1 69 2606.2349999999988
6 40 3212.896999999999
31 69 11442.97700000001
32 34 10402.814
23 65 1969.8120000000001
2 42 1360.9490000000003
3 7 5280.720000000002
16 62 10983.128999999997
28 36 13241.764999999992
47 49 5398.984000000003
6 17 7446.174000000003
9 59 4792.703999999997
50 60 5555.387999999999
69 73 3271.2069999999994
19 72 6339.371999999999
54 66 5290.164999999999
20 73 2147.406
12 69 4359.690000000001
4 65 4098.579
32 47 3786.2230000000004
43 56 3068.9809999999998
16 39 10139.690999999997
35 52 3544.7330000000006
49 72 7791.909999999997
28 49 1427.0100000000002
6 30 3318.0719999999997
42 69 4190.125000000001
0 72 8026.598999999996
20 50 4470.812999999999
39 63 8059.746000000004
12 46 579.866
31 59 6498.12
4 42 3628.368
23 55 4707.766
1 36 11682.045999999995
13 47 4110.152999999999
5 42 2403.528999999999
6 7 1120.22
42 46 6514.820000000002
21 23 965.5669999999999
0 49 319.216
20 27 1547.7389999999998
39 40 2878.321
30 71 5390.315999999994
31 36 4323.916
2 9 3645.8249999999994
20 63 8625.619999999995
12 59 1153.3550000000002
13 24 4540.631000000002
53 60 278.949
4 55 2270.547
32 37 10402.814
24 33 988.5460000000002
43 46 5463.742
35 42 596.618
1 49 538.9960000000001
46 57 5905.175
5 19 203.42299999999997
65 70 10073.215999999997
7 65 1426.6669999999997
27 43 2373.4749999999995
6 20 3476.5099999999993
19 39 1935.6020000000003
30 48 3583.0849999999996
50 63 5929.669000000002
0 62 480.48299999999995
39 53 503.7399999999999
31 49 12334.372999999989
3 72 2428.3160000000003
15 46 4910.951999999999
5 32 505.427
18 51 1785.6240000000003
46 70 9367.948999999995
38 66 5346.044999999999
8 43 2170.517
19 52 3150.858
11 48 12637.829999999996
12 13 3556.3110000000015
30 61 3733.437999999999
12 49 5805.529000000002
13 14 7960.174
4 45 2590.7579999999994
45 46 5612.696
5 9 3365.445
38 43 1183.4059999999997
7 55 3001.2749999999987
27 33 4959.787
30 38 2575.2889999999998
63 72 838.809
41 53 927.567
20 30 1158.2279999999998
60 66 4573.9929999999995
11 61 10182.831000000002
31 39 12811.69900000001
23 35 1868.1759999999997
45 59 6627.996000000001
37 55 12874.772999999992
3 62 5452.684999999999
15 36 11606.966999999997
38 56 2623.8529999999996
7 68 582.7369999999999
40 65 3636.2529999999992
19 42 2512.824
11 38 12375.823
6 72 7126.869999999999
30 51 3278.9280000000012
41 66 4532.1479999999965
33 62 3336.358
25 58 2904.7599999999984
4 35 3650.569
2 74 1266.581
22 52 11339.549999999992
14 48 12637.829999999996
34 63 5854.0779999999995
7 45 1012.6649999999998
18 54 994.5989999999999
29 69 3211.739
41 43 1044.869
4 12 4239.573999999999
2 51 1737.584
25 71 5317.7249999999985
37 45 12291.92
3 52 5791.716999999997
22 65 13044.536999999998
55 62 2333.455
15 26 8511.127000000002
67 73 2955.611
29 46 5291.866
8 23 1066.6840000000002
0 19 1750.23
40 55 1660.8659999999998
6 62 1658.0410000000004
41 56 2366.4029999999993
25 48 3319.7760000000007
14 38 12375.823
15 39 1104.5480000000002
28 58 1150.8630000000003
47 71 6432.561999999998
48 72 8209.265000000001
21 55 3575.308999999999
2 41 1729.0550000000005
3 6 4759.176000000002
14 15 11508.978999999994
25 61 4237.125
32 69 3925.436999999998
24 65 3435.5730000000012
35 74 764.7639999999999
15 16 10571.963000000002
29 36 11987.880999999998
21 32 905.9720000000001
40 45 2101.672
0 9 4854.261
6 52 3453.303999999999
62 69 2937.6939999999995
25 38 1776.6420000000005
20 72 8394.383999999995
44 51 2573.6949999999997
51 59 5118.218999999998
2 54 1995.555
22 32 10268.734999999997
13 69 6151.891
16 74 9953.710000000005
6 29 1009.669
29 49 199.988
21 45 1768.1209999999994
40 58 2879.3460000000005
6 65 1679.9250000000002
2 31 12640.668999999998
32 59 4779.855999999999
51 72 6330.2019999999975
16 51 9511.923000000004
36 65 13044.536999999998
9 48 4116.696999999999
21 22 10992.170999999998
2 8 1891.0140000000004
20 62 2019.6380000000004
25 28 2633.2590000000005
12 58 6308.767
31 71 13339.086000000001
23 67 4032.7049999999986
3 9 3212.302000000002
43 45 1022.5909999999999
35 41 1811.6050000000005
14 18 12141.22199999999
1 48 1530.645
13 59 3021.2410000000004
32 72 5991.838999999996
24 68 4265.417000000001
28 38 1029.7130000000002
6 19 1157.6060000000002
9 61 2597.0950000000003
50 62 5289.185999999999
61 71 2763.878000000002
21 35 2035.1560000000002
8 65 2717.086
19 74 3038.6190000000015
20 39 2995.072
39 52 3152.772
2 21 1498.854
12 71 6836.153999999999
13 36 7960.174
24 45 4674.848000000001
16 41 10933.945
46 69 3832.109
38 65 1596.2800000000007
49 74 1892.1090000000002
9 38 5491.612000000003
6 32 1370.9510000000002
30 60 2682.421999999999
42 71 3119.8260000000005
0 74 1684.4650000000004
4 44 4666.873999999998
1 38 977.5909999999999
16 54 11391.500999999998
49 51 1610.3070000000002
6 9 3560.341000000001
50 52 3891.1369999999993
42 48 1144.72
27 68 1757.9359999999997
0 51 1844.9959999999996
11 60 12085.335999999992
39 42 716.699
31 38 12778.725999999999
2 11 12354.46
1 15 373.304
53 62 758.446
24 35 3531.36
16 31 16288.426999999994
56 67 658.881
22 74 13432.555999999997
1 51 1920.42
46 59 1722.2470000000003
65 72 8600.785
38 55 2332.9660000000003
9 28 5470.452000000002
27 45 1414.313
19 41 1258.4080000000001
30 50 3340.0460000000016
42 61 3175.101
8 68 2588.0289999999995
12 38 6188.1150000000025
52 74 4225.082
31 51 11010.000999999998
4 34 10887.178999999998
23 47 4675.181000000001
45 71 3696.390000000001
3 74 6722.398999999999
38 68 571.253
8 45 2951.2090000000003
27 58 2571.322
19 54 2113.9560000000006
11 50 8458.643
12 15 5383.038000000001
30 63 7627.868000000003
23 24 2239.2160000000003
13 16 9449.559000000001
25 70 8083.539999999998
45 48 1686.4170000000001
56 57 3395.788
14 60 12085.335999999992
67 72 7593.132000000002
38 45 119.84700000000001
49 54 914.2919999999999
15 61 2030.6240000000007
27 35 2500.877
18 66 4555.392
19 31 10961.649000000003
30 40 700.211
63 74 8903.913999999997
0 54 888.855
41 55 2870.628999999999
20 32 3691.213
33 51 1470.522
23 37 11288.725999999999
2 63 7688.569000000002
22 41 11218.351999999992
34 52 11339.549999999992
45 61 2813.5499999999993
37 57 12408.796000000011
14 73 12793.074000000006
15 38 973.0939999999999
55 74 4042.7270000000003
7 34 11979.96
29 58 561.5889999999999
48 71 2036.9689999999998
0 31 12532.823999999997
40 67 924.5569999999999
19 44 2633.454
11 40 11346.140999999985
22 54 12032.064999999999
18 20 2574.266
36 74 13432.555999999997
15 51 1548.962
28 70 9477.687999999998
18 56 3021.6639999999998
19 21 338.113
41 45 1294.8269999999998
33 41 3029.4860000000017
44 50 6901.289000000002
14 27 12767.455999999995
25 73 1780.31
66 74 4752.9389999999985
45 51 2331.888
37 47 7720.186000000001
3 54 5743.4079999999985
15 28 1705.086
47 60 5532.492000000003
7 24 3757.9260000000013
59 71 7533.2159999999985
29 48 964.4360000000001
48 61 2501.066000000001
0 21 1481.6329999999998
41 58 1434.5819999999999
33 54 3744.730000000001
25 50 5027.656999999997
51 71 2712.2580000000016
22 44 12702.842999999995
28 60 1160.2220000000002
47 73 5988.638999999999
40 70 7782.728999999998
25 27 1031.3490000000002
3 8 3658.4340000000025
32 71 2871.2760000000017
24 67 5967.4680000000035
16 63 10543.849000000004
36 41 11218.351999999992
15 18 759.6390000000001
47 50 910.5359999999998
18 23 1773.081
59 61 4779.8640000000005
9 60 4705.100000000002
29 38 1157.3089999999997
21 34 10992.170999999998
40 47 4359.739
2 20 3467.833
62 71 3479.686000000001
54 67 2509.8350000000005
33 44 1564.8119999999997
25 40 1185.9429999999995
20 74 3903.301999999999
32 48 2496.3379999999997
51 61 510.26599999999996
2 56 3790.5390000000007
3 21 4192.722999999999
35 53 895.7009999999998
14 30 10803.943999999992
13 71 6247.213000000002
36 54 12032.064999999999
55 67 2286.4870000000005
5 66 3205.9390000000003
6 31 11985.204999999998
9 73 6069.250000000003
50 74 7191.207
42 70 9676.385999999997
21 47 4370.341999999999
31 60 12488.23899999999
32 61 278.4
24 57 3510.7739999999994
1 73 1535.2800000000002
5 43 1552.404
6 8 1281.8319999999997
9 50 5547.047999999995
28 63 8872.966999999999
27 67 2675.9120000000003
30 72 7396.6320000000005
2 10 7160.751000000002
54 57 1415.6480000000001
31 73 13195.977000000008
4 56 778.7090000000001
3 11 7041.774000000001
1 50 4903.663999999998
13 61 3493.861000000002
24 70 12997.683999999996
57 67 3352.2550000000015
28 40 3073.4249999999997
6 21 928.2920000000001
58 68 828.9849999999999
42 60 1129.2920000000001
0 63 7935.287999999998
20 41 2186.3160000000003
39 54 1326.1519999999998
2 23 1065.7340000000002
12 73 6396.051999999997
32 51 338.363
24 47 5601.232
16 43 10440.302999999996
35 56 3745.178
9 40 6239.075999999999
19 53 1512.0819999999999
20 54 1891.4819999999995
31 63 6522.156999999999
23 59 5668.813999999999
34 74 13432.555999999997
5 10 7711.744000000002
38 44 2823.3700000000003
28 30 3458.7910000000006
15 60 616.113
50 54 5179.587
42 50 6522.676000000001
61 63 5817.135999999998
19 66 3262.7450000000003
39 44 1569.6709999999998
4 23 3580.025
23 36 11288.725999999999
13 28 6495.5760000000055
64 73 12206.840000000006
24 37 11687.617999999999
16 33 8041.400999999997
56 69 768.7410000000002
15 73 1550.732
27 47 5894.306
0 30 2690.612
19 43 1629.384
30 52 583.1279999999999
41 67 2333.696
44 72 8295.604
1 30 2066.292999999999
45 73 697.485
37 69 11125.840999999997
15 50 5052.812999999998
19 20 3174.063999999999
8 47 3864.101000000001
0 43 322.72300000000007
19 56 3280.906000000001
12 17 10901.773000000003
52 53 2828.937999999999
1 7 731.0630000000001
45 50 5368.192999999998
16 23 9412.235999999997
56 59 5710.822000000001
22 66 9940.809
15 27 2130.351
46 51 4103.244000000001
38 47 5603.498
15 63 7545.531000000004
7 59 6299.245000000001
0 20 2468.522
11 29 11889.892999999991
12 30 4177.960999999999
52 66 6333.761000000006
4 26 10551.486
22 43 12061.76899999999
1 20 1985.0039999999997
34 54 12032.064999999999
45 63 8328.457000000004
3 66 3100.8449999999993
7 36 11979.96
18 45 927.3599999999999
29 60 313.915
21 56 2951.5250000000005
0 33 3053.340999999999
33 66 2423.0550000000003
25 62 1838.0390000000002
14 52 11339.549999999992
15 17 8511.127000000002
7 13 5329.158
18 22 12244.713999999996
28 72 8964.277999999998
8 14 10477.646
19 23 1040.0160000000003
6 53 1043.29
11 19 10548.836000000007
63 66 4611.625000000002
21 69 3171.1859999999992
41 47 4608.361000000001
33 43 2830.402
52 56 263.274
44 52 4660.496000000002
4 16 12612.321999999998
3 20 6229.984000000003
22 33 11455.230999999994
34 44 12702.842999999995
13 70 12556.362999999996
3 56 5880.468999999996
7 26 8200.168000000001
47 62 5407.168000000003
18 35 800.534
9 72 4787.607999999998
48 63 8117.954000000003
21 46 4370.341999999999
0 23 1912.4439999999997
40 59 5531.579000000001
6 66 3400.835000000001
33 56 5061.059
32 60 1975.45
22 46 7720.186000000001
35 65 450.38599999999997
14 42 12963.11899999999
1 72 7645.107999999996
36 66 9940.809
9 49 4592.518000000003
29 63 7619.082999999999
2 45 1928.3160000000003
3 10 8699.919000000004
22 23 11392.833000000004
14 19 10548.836000000007
13 60 5505.271000000004
24 69 6211.074000000004
36 43 12061.76899999999
55 56 1682.0249999999999
28 39 1150.8630000000003
47 52 4306.153999999999
5 55 4036.486999999998
48 53 918.5709999999998
21 36 10992.170999999998
6 56 3583.352
62 73 1052.3399999999997
54 69 2825.431
25 42 2708.1749999999997
4 68 2609.165
24 46 5601.232
43 59 6479.042
14 32 10268.734999999997
1 62 508.758
13 73 6519.1190000000015
36 56 11428.301999999992
9 39 4408.989999999999
28 52 3347.8759999999997
47 65 6540.915999999997
6 33 1815.1170000000002
21 49 1234.6070000000002
39 66 4302.808999999999
23 58 1847.5899999999997
2 35 764.331
24 59 6237.4839999999995
43 72 7882.269999999997
16 55 13298.576
35 68 1220.946
5 45 2167.7209999999995
50 53 5718.964
29 30 2671.7970000000005
6 46 5085.450999999999
19 65 2650.6000000000004
39 43 397.23099999999994
30 74 4318.241
2 12 6039.587000000003
62 63 7986.542000000002
54 59 6362.563000000002
12 62 5813.7130000000025
13 27 6983.71
4 58 3265.5730000000003
32 40 3462.686999999999
23 71 2188.8840000000005
24 36 11687.617999999999
43 49 350.79100000000005
16 32 9449.090999999997
13 63 2937.5389999999993
46 60 5532.492000000003
65 73 2125.5530000000003
16 68 10894.333999999995
57 69 3667.851000000001
28 42 706.519
15 72 7503.895999999996
5 58 1826.307
50 66 5329.5980000000045
42 62 1566.4890000000003
0 65 1370.0870000000002
20 43 2708.5979999999995
11 74 13432.555999999997
23 48 1563.105
1 29 738.984
4 71 5417.253999999994
45 72 8325.385999999999
16 45 11324.261999999995
1 65 1951.423
46 73 5988.638999999999
5 35 2209.46
27 59 6978.648000000001
19 55 3904.6899999999982
20 56 673.213
13 17 8413.544000000002
4 48 3677.801
23 61 991.0920000000002
16 22 15987.100999999999
1 42 1552.288
5 12 4534.521999999998
38 46 5603.498
57 59 6865.480000000002
49 55 2809.207999999999
15 62 504.45
7 58 593.661
6 13 4920.9169999999995
50 56 3979.8889999999997
8 59 4857.7339999999995
27 72 9205.935
39 46 5850.18
12 29 5763.952000000004
31 42 13366.021999999988
1 19 1603.1740000000002
56 71 5719.148999999995
16 35 10155.76800000001
14 74 13432.555999999997
49 68 454.153
27 49 2141.3269999999998
11 41 11218.351999999992
30 54 2281.579
44 74 1384.1399999999999
22 55 12874.772999999992
1 32 2124.3030000000003
15 52 2335.4500000000003
7 48 1005.8889999999999
8 13 3699.436999999999
11 18 12141.22199999999
29 72 7710.393999999997
0 45 821.616
41 46 4608.361000000001
12 19 4442.495000000003
52 55 1562.758
31 32 10671.637999999997
4 15 2392.077
23 28 2834.0280000000002
1 9 4985.546999999999
34 43 12061.76899999999
25 74 3547.311
45 52 2384.784999999999
64 65 10268.733000000006
56 61 4144.429999999999
3 55 7124.485000000002
22 68 12069.056
15 29 636.265
59 72 3651.048
38 49 956.185
8 26 7173.296000000002
27 39 2571.322
0 22 12246.614999999998
19 35 2318.7550000000006
41 59 5623.660999999999
33 55 5639.646
52 68 2394.5299999999997
2 67 3789.5770000000007
3 32 3558.578000000001
22 45 12291.92
14 41 11218.351999999992
34 56 11428.301999999992
7 38 1122.9199999999996
29 62 705.908
21 58 1652.0030000000002
0 35 951.8929999999999
40 71 5280.433999999999
4 5 3137.8319999999985
3 45 5836.3910000000005
15 19 1231.7160000000001
59 62 6550.778000000001
18 24 3828.222000000001
29 39 561.5889999999999
48 52 3568.6030000000005
8 16 8888.917000000003
0 12 5810.571
19 25 3419.012999999999
6 55 3961.3289999999997
63 68 7953.997000000001
21 71 2962.172
33 45 3686.3019999999997
52 58 3153.797
44 54 2855.342
51 62 2016.4460000000004
2 57 743.745
3 22 7041.774000000001
14 31 4323.916
13 72 3028.8499999999995
36 55 12874.772999999992
55 68 2456.726
28 51 2782.6750000000006
7 28 1247.814
18 37 12244.713999999996
9 74 4812.028
29 52 2767.057
21 48 1960.294
40 61 3724.437
6 68 1626.5350000000005
2 34 12354.46
25 54 1539.1309999999999
32 62 2205.2080000000005
24 58 3510.7739999999994
1 74 2265.8010000000004
36 68 12069.056
9 51 3037.865
21 61 1183.7510000000004
33 35 2550.3759999999997
25 31 12711.145
51 52 3514.3319999999994
23 70 11062.920999999993
2 47 5740.915000000001
3 12 3024.2139999999995
43 48 812.1820000000001
14 21 10824.372000000001
66 68 4850.912
13 62 5473.871999999999
24 71 1805.8729999999994
28 41 2123.013000000001
47 54 5437.812000000003
5 57 1826.307
6 22 11698.995999999996
29 42 1092.305
21 38 1852.0239999999992
61 74 3260.2510000000007
40 51 3259.894000000002
39 55 3253.377999999999
12 74 7332.526999999998
13 39 5719.826000000004
51 65 2569.1029999999996
24 48 3175.4
16 44 8662.395000000006
35 57 391.961
46 72 5076.902000000001
5 34 10852.441
28 54 1288.001
5 70 10392.560999999992
6 35 1517.3640000000003
42 74 1294.339
39 68 828.9849999999999
2 37 12354.46
1 41 406.667
35 70 9760.639999999998
5 47 4235.849999999999
6 12 5384.123
58 59 6865.480000000002
50 55 5446.938999999999
21 28 2392.984
8 58 2314.772
19 67 3187.542
31 41 11621.254999999992
62 65 1672.5360000000003
13 29 5309.828000000005
4 60 2777.1379999999995
51 55 4268.163999999998
64 74 10236.643000000005
23 73 3434.641000000001
43 51 1700.667
16 34 15987.100999999999
1 54 758.611
5 24 2760.884
38 58 1391.1280000000002
9 31 10440.875
15 74 2251.9320000000002
27 48 2927.1319999999987
6 25 3475.6520000000005
50 68 5409.212
8 71 2607.8780000000015
0 67 2914.958
4 37 10887.178999999998
23 50 5289.442000000001
1 31 11968.255
4 73 2825.9809999999993
16 47 12402.063000000002
8 48 2310.3789999999995
27 61 4106.299999999999
19 57 1935.6020000000003
20 22 11885.379
11 53 11944.466999999991
12 18 6015.281000000004
1 8 2510.8129999999996
12 54 5844.357000000002
4 50 3292.4030000000025
16 24 7107.355
56 60 2907.352999999999
22 67 11000.44399999999
38 48 1746.9380000000008
57 61 2424.0439999999994
9 21 3724.228000000001
68 70 9099.230999999998
8 25 4355.258
18 69 3336.2979999999993
30 43 2884.3829999999994
42 54 1428.2079999999996
60 71 2898.612000000001
11 66 9940.809
12 31 7161.607
31 44 13105.745999999996
23 40 3737.312999999999
1 21 1330.236
37 60 12085.335999999992
3 67 5448.4
15 41 435.676
38 61 2922.086
7 73 1700.558
48 74 801.4929999999999
27 51 3624.6380000000004
0 34 12246.614999999998
11 43 12061.76899999999
22 57 12408.796000000011
34 68 12069.056
15 54 912.8219999999999
8 15 2150.0720000000006
27 28 2175.453
18 59 6563.999000000002
63 67 7707.792999999999
29 74 1699.5919999999999
21 70 9957.795999999993
41 48 1837.4290000000003
20 25 765.5589999999997
4 17 10551.486
1 11 11682.045999999995
34 45 12291.92
53 58 507.01500000000004
45 54 268.18399999999997
37 50 8458.643
22 70 16963.74200000001
15 31 11893.176000000001
7 27 2297.433
59 74 8029.588999999998
18 36 12244.713999999996
19 37 10675.439999999999
33 57 2529.789999999999
25 53 2599.263
3 34 7041.774000000001
22 47 7720.186000000001
14 43 12061.76899999999
15 44 2372.2650000000003
7 40 2518.7289999999994
0 1 669.6910000000001
21 60 1348.534
40 73 2227.5209999999997
25 30 1828.625
4 7 2878.2189999999996
34 35 12791.949000000008
66 67 6041.565
37 40 11346.140999999985
3 47 3449.3240000000005
7 17 8200.168000000001
67 68 2738.7949999999996
18 26 8270.464000000002
70 73 8259.173
8 18 2300.7129999999997
21 37 10992.170999999998
40 50 3965.5010000000007
21 73 2429.661999999999
62 74 1986.9140000000004
2 59 6734.548000000003
3 24 4671.128
43 60 201.961
55 70 7985.645999999999
28 53 1199.3100000000002
7 30 2663.876
5 69 3605.950999999999
6 34 11698.995999999996
29 54 1114.2800000000002
40 63 8099.699
6 70 10635.866999999997
13 51 3918.128000000002
43 73 1710.4840000000004
16 56 13003.85700000001
3 37 7041.774000000001
5 46 4235.849999999999
21 27 3025.400000000002
2 13 5576.381000000002
54 60 938.6609999999998
33 37 11563.052999999996
12 63 4757.569000000002
32 41 1810.644
51 54 2424.8180000000007
3 14 7041.774000000001
14 23 11392.833000000004
66 70 12915.232999999991
24 73 5331.603
65 74 532.0600000000001
16 69 13241.561000000009
36 47 7720.186000000001
9 30 6009.6280000000015
55 60 2914.5290000000005
28 43 1111.657
5 59 5229.482999999997
6 24 2822.9600000000005
29 44 1913.4750000000001
42 63 8810.803000000004
21 40 2581.0699999999997
8 70 11109.71199999999
31 53 12347.36999999999
13 41 4873.073000000001
32 54 2613.5800000000013
51 67 3551.015999999999
43 63 7790.958999999999
16 46 12402.063000000002
1 66 4826.040999999998
46 74 6928.934999999998
5 36 10852.441
38 70 8546.971
27 60 2171.513999999999
6 37 11698.995999999996
30 65 4003.8629999999994
20 57 2995.072
39 70 9815.906999999997
12 53 5818.5260000000035
31 66 10343.711999999998
23 62 2404.478000000001
24 27 5950.804999999995
1 43 831.943
13 54 5882.243999999999
16 59 11572.237999999998
68 69 3055.549
28 33 3581.3289999999993
58 61 2424.0439999999994
42 53 1168.3800000000003
27 73 1322.504
0 56 2915.92
19 69 3431.1479999999997
39 47 5850.18
23 39 1847.5899999999997
2 16 9221.587000000003
54 63 8381.113000000003
20 70 7594.298999999998
12 66 4642.189
24 40 5679.149999999997
1 56 2291.600999999999
5 26 7711.744000000002
49 69 3099.8589999999995
7 72 7702.472999999996
27 50 5508.5279999999975
19 46 4058.8490000000006
30 55 2138.93
50 70 8758.959
42 66 5027.016999999999
0 69 3230.5539999999996
39 60 480.58299999999986
12 43 5935.828000000004
1 33 3255.569
13 44 6013.873000000004
15 53 690.8389999999999
5 39 1826.307
18 58 446.39000000000004
38 73 589.506
42 43 1080.727
8 50 4478.362
27 63 9398.080000000009
0 46 5490.231999999999
20 24 5936.591000000002
11 55 12874.772999999992
12 20 5235.481999999998
30 68 2514.449
23 29 1756.1060000000002
1 10 8828.601000000006
53 57 507.01500000000004
13 21 4213.91
45 53 1102.211
24 30 5770.331999999999
16 26 4584.779
22 69 11125.840999999997
14 65 13044.536999999998
5 16 9683.936000000003
38 50 5352.7559999999985
49 59 6312.377000000001
7 62 671.5319999999998
8 27 4215.118000000002
27 40 1853.0039999999997
18 71 2867.4650000000006
11 32 10268.734999999997
30 45 2496.041999999999
42 56 3793.7729999999997
0 59 6505.532
41 60 1023.565
60 73 1508.5229999999997
20 37 11885.379
52 69 931.2240000000003
23 42 2464.7939999999985
34 57 12408.796000000011
53 70 9735.134999999997
45 66 5237.508999999999
37 62 12001.420999999997
3 69 5622.701000000001
15 43 748.9699999999999
38 63 8436.993000000002
27 53 2395.8889999999997
19 49 1539.024
11 45 12291.92
4 6 3213.9699999999984
41 73 1935.1440000000007
25 65 3232.9329999999995
14 55 12874.772999999992
15 20 2285.3879999999995
34 70 16963.74200000001
5 6 887.0689999999998
18 25 2436.1479999999992
70 72 13824.323999999988
15 56 2465.4979999999996
8 17 7173.296000000002
19 26 7779.751000000002
30 35 3555.8529999999996
41 50 4847.854999999999
33 46 4949.508
52 59 5622.070000000001
44 55 4782.567999999997
4 19 2987.331999999999
45 56 2639.289999999999
37 52 11339.549999999992
56 65 4165.209000000001
3 59 2124.378
14 68 12069.056
15 33 2884.1110000000003
7 29 110.55099999999999
8 30 3882.995999999997
40 62 1996.8080000000004
0 26 8421.563000000002
11 35 12791.949000000008
52 72 7985.423000000003
44 68 2358.1749999999997
2 71 1877.8229999999992
14 45 12291.92
36 69 11125.840999999997
7 42 1081.1470000000002
0 3 5633.403000000001
11 12 7151.294000000001
21 62 1399.4990000000003
33 36 11563.052999999996
4 9 6007.943000000002
2 48 471.8549999999999
3 13 989.5240000000001
22 26 15014.152999999993
37 42 12963.11899999999
24 72 6583.616999999999
3 49 5338.53
36 46 7720.186000000001
55 59 7074.563000000001
15 23 1686.915
7 19 1426.104
67 70 7391.619999999998
59 66 4695.068000000002
29 43 171.876
0 16 10482.399
40 52 370.111
33 49 2879.467
25 45 1703.04
32 53 1834.5810000000001
2 61 2056.8260000000005
43 62 681.458
3 26 8699.919000000004
22 39 12408.796000000011
36 59 6483.045000000001
9 42 5026.1939999999995
55 72 9378.559999999992
28 55 3290.423
2 38 1986.936
32 66 2718.7630000000004
35 71 2517.773
28 32 2986.5580000000004
58 60 480.58299999999986
9 55 7233.315000000001
28 68 1508.6240000000005
21 29 1153.0910000000001
40 42 3138.3249999999994
2 15 1326.8870000000004
62 66 4895.593999999999
54 62 396.6580000000001
25 35 2957.3360000000007
12 65 6944.507999999998
51 56 3644.38
3 16 9735.934000000001
43 52 2897.7369999999996
1 55 2489.056
36 49 11931.46999999999
47 58 5905.175
5 61 783.2059999999999
6 26 7446.174000000003
58 73 1868.2440000000006
50 69 3391.947000000001
42 65 979.9609999999998
21 42 2226.3169999999996
8 72 5895.111999999996
20 46 4882.338
39 59 6865.480000000002
23 51 749.645
4 74 4412.957
32 56 3833.142
24 52 5919.556999999997
35 61 2630.625
1 68 576.393
38 72 8433.921999999997
9 45 5390.846000000002
6 39 1243.344
19 58 1935.6020000000003
20 59 6054.178000000002
12 55 6248.7899999999945
13 20 6653.121000000001
4 51 3303.4160000000006
16 25 12812.899
1 45 893.6879999999999
13 56 6409.658999999995
5 15 1366.584
65 66 4375.934999999999
16 61 9218.166000000003
57 62 917.7799999999999
36 39 12408.796000000011
49 58 744.7250000000001
5 51 299.10699999999997
6 16 9507.010000000004
18 70 9547.586
58 63 8059.746000000004
69 72 7699.4590000000035
20 36 11885.379
39 49 742.3669999999998
12 32 4168.473
23 41 2076.1949999999997
2 18 1077.3490000000002
1 22 11682.045999999995
45 65 1574.6410000000003
35 51 2285.292
1 58 1118.417
46 66 4754.4270000000015
38 62 474.70200000000006
9 35 4429.575999999999
7 74 1741.0449999999998
8 39 2314.772
27 52 2051.7180000000003
11 44 12702.842999999995
0 71 3018.5640000000008
20 49 2415.6509999999994
12 45 6104.212000000002
31 58 12811.69900000001
23 54 2812.8500000000017
37 74 13432.555999999997
38 39 1391.1280000000002
9 12 4839.278999999997
15 55 2807.7379999999994
71 72 8337.526
30 34 10864.479999999998
8 52 4087.102999999999
0 48 1014.037
19 61 831.3389999999999
60 62 479.49699999999996
20 26 10677.942999999996
11 57 12408.796000000011
12 22 7426.346999999996
30 70 7565.735999999998
4 18 2920.6639999999993
34 46 7720.186000000001
4 54 2376.295
45 55 2351.587
16 28 11169.330000000005
3 58 5698.639000000003
46 56 4394.905999999998
38 52 2369.3479999999995
15 68 567.2439999999999
8 29 2019.5939999999996
18 73 1599.9230000000002
19 38 2158.109
30 47 3764.268999999999
0 61 2326.658
12 35 6691.920000000001
4 31 11173.388
15 45 889.1909999999999
7 41 861.2079999999997
8 42 2898.988
40 74 3950.631
0 38 900.731
19 51 350.081
4 8 3883.759999999997
33 71 1798.152
37 41 11218.351999999992
3 48 5927.673000000001
22 61 10182.831000000002
14 57 12408.796000000011
15 22 11606.966999999997
59 65 7641.569999999998
15 58 1104.5480000000002
48 55 3669.2089999999985
27 32 3828.521
0 15 639.648
18 63 7875.915999999998
11 24 11566.392999999996
30 37 10864.479999999998
41 52 2236.355
33 48 2206.2899999999995
52 61 3998.8879999999995
4 21 2688.3130000000006
44 57 1576.5429999999994
22 38 12375.823
34 49 11931.46999999999
45 58 1316.4950000000001
15 35 1489.5440000000008
0 28 1071.538
2 73 2564.574
3 38 5920.294000000001
22 51 10607.097999999998
7 8 2067.9929999999995
