91
13 88 5779.567999999999
17 58 9918.024999999994
55 84 6353.531
28 67 6139.661
29 32 6536.621000000001
40 41 4745.583
21 64 2966.6989999999996
41 42 4832.853000000002
73 74 1742.9700000000005
39 81 4940.584
44 47 1928.1789999999994
22 28 7983.072999999999
32 78 4648.486999999999
43 87 2033.6889999999996
1 90 9874.767
7 21 3847.174999999999
59 68 27451.516999999996
18 30 12263.471000000003
5 60 21232.424000000014
9 67 710.0649999999999
69 81 5148.860999999998
48 58 2833.041999999999
40 54 2057.0089999999996
80 90 7456.4209999999985
6 61 1441.3589999999995
2 27 9272.053999999993
20 81 6545.356000000001
31 90 35106.02499999999
32 55 7138.345000000003
14 37 1939.1909999999996
1 67 1142.477
16 83 4576.831
6 38 2931.5570000000007
9 80 1987.5549999999992
42 77 1930.1549999999993
21 54 4890.748000000003
11 89 11006.091999999997
13 55 3389.134000000001
16 60 17602.947000000004
36 38 11544.824999999995
28 34 10272.747999999998
5 50 8162.641999999997
6 15 5767.923000000001
38 84 7576.782
17 61 11659.372999999992
58 62 8949.728000000003
9 57 516.935
50 58 8899.125000000002
61 67 5820.847999999996
6 51 9035.997999999996
10 21 2704.635999999999
42 90 7399.8499999999985
62 68 22582.338
54 64 2300.676999999999
20 71 7933.427999999998
39 84 7304.747999999998
4 63 7758.297999999998
51 58 8279.921
3 18 4559.224999999999
5 27 1315.1290000000001
65 78 8952.673999999999
17 38 8523.942999999994
57 74 307.569
36 51 16568.723999999995
9 34 4762.620999999998
26 86 1919.6599999999996
50 71 19780.712
42 67 1674.3970000000006
0 70 4758.092999999998
11 79 10640.50299999999
12 44 2206.993000000001
2 30 10087.516999999989
13 45 3795.647000000001
23 89 4560.775999999998
64 90 9479.271
56 86 994.53
35 63 5450.609999999998
9 11 10637.290999999996
1 70 2271.3720000000008
5 40 1797.1000000000001
46 78 10672.092999999993
9 47 2610.117
42 44 1144.7200000000003
15 90 8263.494
7 86 2769.703000000001
8 51 6654.867000000002
19 60 33272.149000000005
11 56 11395.679
42 80 264.08799999999997
2 7 8265.171999999999
8 87 6872.580999999997
20 61 946.4040000000001
13 22 6016.303999999999
4 53 11571.968000000004
23 66 28946.162999999993
43 44 1591.7649999999994
45 90 6513.468
65 68 29005.442999999996
57 64 3088.2199999999993
17 28 5028.999
76 77 774.5500000000001
9 24 10153.977999999996
28 37 12093.220000000007
7 63 3209.6539999999995
18 72 17872.464000000004
6 18 9953.420000000006
79 88 5821.955999999998
8 64 4937.619
27 77 1157.8890000000001
11 69 10315.266
39 51 7391.606000000003
30 82 8485.199
1 24 10586.389999999998
34 58 1297.4460000000001
4 66 31192.554
24 44 9155.664999999997
37 63 7985.750999999996
56 76 3217.9170000000004
22 83 3453.981999999999
26 53 9517.626999999997
38 64 4616.411000000003
15 80 1080.778
7 76 3049.0360000000005
0 37 9625.740000000002
19 50 4859.515999999996
0 73 4542.133000000001
41 74 2729.7270000000008
20 51 9261.379
44 79 25.84
23 56 4079.1469999999986
45 80 1227.51
5 7 720.4699999999999
37 76 7062.043000000001
56 89 888.1170000000001
3 83 8821.557
9 14 4835.906
15 57 1784.5800000000002
26 66 28072.552999999985
71 74 14530.283999999989
50 51 8228.113999999998
42 47 1207.5589999999997
82 83 8617.006
40 86 512.5419999999999
60 64 22831.92900000003
31 37 32036.350999999984
23 33 9547.198999999997
1 14 5268.318000000002
33 83 13631.532000000005
34 48 3580.287
45 57 3636.431
22 73 5533.793999999997
14 69 2923.0739999999996
15 34 3837.5399999999977
26 43 1177.298
59 77 2057.276
38 54 2475.8580000000006
15 70 2047.7359999999994
8 31 26046.60100000001
27 44 2102.055
0 27 4445.128
18 75 5840.321999999998
19 40 11865.627000000006
30 49 6449.569
21 86 3439.728000000001
41 64 4310.623
60 77 23405.685000000016
33 60 27192.164999999994
52 73 3210.5209999999993
12 37 4139.664000000001
10 76 1879.3579999999997
22 50 12502.560999999998
14 46 2803.453000000001
34 61 4021.325
45 70 3262.5580000000014
37 66 32049.80300000001
3 73 976.1170000000002
14 82 4305.024000000002
15 47 2028.9479999999996
18 52 2278.4030000000007
59 90 8112.691999999998
9 89 1910.2009999999993
48 80 1417.241
40 76 2575.4640000000004
0 40 5137.919
11 49 7965.644999999999
6 83 3658.2560000000008
10 53 8807.130999999994
41 77 2966.171999999999
1 4 4529.353000000001
37 43 4272.463000000002
51 90 11683.215000000006
3 50 7346.351999999998
43 86 802.1550000000001
14 59 4678.626000000002
15 24 8975.116999999997
26 33 6016.95
59 67 1732.7850000000005
28 79 6699.427999999997
7 56 3589.5290000000005
40 53 9558.555000000002
0 17 8239.804000000002
19 30 19432.385000000002
71 77 14084.421999999991
63 73 3949.357000000001
21 76 973.3799999999999
60 67 23081.194000000025
33 50 2689.9950000000003
52 63 2835.6200000000003
25 46 10941.425000000005
44 59 2090.9649999999997
10 66 27938.28400000001
2 62 12838.012999999992
14 36 10596.263000000008
34 51 9012.777000000004
66 83 32469.219999999972
13 77 2095.362
32 90 2476.763
24 86 8307.410999999996
16 82 5589.024999999999
36 60 20516.798
59 80 2694.065000000001
18 42 5547.466999999999
5 72 20832.005000000005
17 83 10620.954000000002
9 79 1018.3490000000003
29 57 3257.9739999999993
21 53 6623.156999999999
2 39 6355.977000000002
62 90 12624.938999999995
12 89 2026.8249999999998
3 40 1751.7399999999998
35 72 22112.80100000001
17 60 22049.507999999998
36 73 14367.599000000002
9 56 2738.2599999999993
55 86 331.373
28 69 7603.072
47 82 3242.569
40 43 540.25
0 7 5633.469999999998
29 70 3572.588000000002
21 66 27390.589000000007
41 44 3783.5480000000002
25 36 24042.784
39 83 6699.213999999997
31 79 28561.09100000002
51 57 5649.034999999999
3 17 7232.224000000001
22 30 4134.595000000001
14 26 4017.6920000000014
74 77 580.2700000000001
66 73 27902.23199999999
85 86 5571.273
13 67 1955.7600000000002
32 80 7254.693000000002
16 72 21031.22200000001
55 63 5774.885999999999
47 59 3631.976999999998
59 70 1688.0849999999996
6 27 6308.443000000001
58 74 3646.214999999999
77 87 3387.2570000000005
21 43 3892.589
12 79 2232.833000000001
4 75 3389.6889999999985
23 88 1001.6279999999999
24 53 17623.286000000004
43 66 29194.626000000015
3 30 8844.571000000004
24 89 8307.39
65 90 6389.528999999998
57 86 2615.0150000000003
6 40 4995.490000000001
50 83 15544.309000000005
42 79 1170.5600000000002
0 82 4670.3550000000005
20 60 18912.740999999998
32 34 5165.719
3 7 2050.339
13 57 2618.401
4 88 4501.654999999999
32 70 8940.622000000003
16 62 7577.451999999995
36 40 13368.411999999991
6 17 10618.174999999994
38 86 2726.8650000000002
69 73 1448.7560000000003
80 82 2295.3740000000003
2 19 19440.15700000003
54 66 27955.48299999999
39 86 1491.9099999999999
13 34 6197.787000000002
4 65 3748.4480000000017
51 60 22606.428000000007
23 78 8674.225000000002
5 29 2685.568
65 80 3538.623
57 76 297.371
9 36 15240.165000000008
28 49 9034.918
18 84 1098.6960000000001
42 69 624.5860000000001
61 82 5857.004
8 76 2944.2999999999997
19 85 16696.985000000004
39 63 6598.497999999997
12 46 1613.3799999999997
4 42 2124.171999999999
53 83 17511.301000000007
56 88 4740.277999999999
46 80 446.88199999999995
5 42 2053.167
38 76 5005.412000000001
42 46 204.61800000000005
7 88 4451.754000000001
8 53 4575.536999999998
27 66 27304.651999999984
19 62 10078.260000000004
23 32 4368.996
0 85 10312.249000000002
4 55 2094.7639999999997
32 37 2858.9899999999984
64 69 3633.986
24 33 14291.385999999997
43 46 464.31
35 42 434.629
1 49 4162.911999999998
34 83 7848.186999999997
5 19 12299.933000000005
65 70 4488.224999999999
9 26 2190.2420000000006
68 75 29446.304000000022
26 78 11484.194999999994
27 43 1981.487
6 20 494.95500000000004
71 86 12441.655999999995
30 48 7586.313000000001
42 59 2500.631999999999
0 62 6679.0239999999985
19 75 11500.632000000001
12 36 13086.38800000001
31 49 27344.607999999986
34 60 22514.628
53 73 8925.111999999997
64 82 2172.7239999999997
56 78 9977.354999999994
16 42 5288.102
3 72 21013.06900000001
15 46 861.9730000000002
5 32 7138.784999999998
18 51 4528.665000000002
49 75 3669.260000000003
7 78 11311.112999999994
8 43 5863.509000000004
30 61 9268.020999999999
41 76 2404.5130000000004
1 3 2259.2660000000005
12 49 1494.3610000000003
4 45 1636.9099999999999
10 88 5833.570999999997
16 19 16686.907
2 84 12983.894999999991
22 62 7840.060999999993
46 47 1392.5380000000002
38 43 2014.645
3 85 6041.458999999997
49 52 5339.904999999999
26 68 28072.552999999985
79 80 1009.6370000000001
11 25 16053.426000000001
82 85 5682.105999999998
29 79 1785.349
40 88 4841.877999999998
20 30 8356.266999999998
52 62 4770.401999999998
4 22 4426.864000000002
23 35 3993.243000000001
10 65 4239.520999999997
41 89 4594.845000000003
1 16 7608.654000000004
25 81 15972.823000000004
53 63 8078.611999999998
37 55 4480.504000000002
56 68 30049.845000000005
3 62 5680.227
22 75 6450.124999999996
26 45 2155.234
18 41 3645.3640000000014
38 56 1919.399
70 88 5568.173999999999
7 68 27273.70599999999
71 89 12441.63499999999
63 85 6784.575999999997
44 71 13281.184999999996
14 48 3407.1700000000023
37 68 32049.80300000001
3 75 2827.196
36 72 32868.417
47 81 5426.790999999999
8 10 4661.557000000001
0 6 9996.542000000001
18 54 5861.181000000001
11 15 10282.090999999991
29 69 1263.6579999999997
48 82 947.4389999999999
21 65 6498.387000000006
40 78 10751.743999999993
41 43 5283.821000000002
33 39 7482.230999999999
4 12 3692.671999999999
10 55 2033.2860000000007
74 76 457.497
32 79 8264.199
56 58 764.889
3 52 3478.8820000000005
22 65 1853.9350000000002
14 61 1950.015
15 26 1040.3919999999998
7 22 4688.490000000001
26 35 1424.6599999999996
17 72 14886.434000000008
36 85 13115.778000000004
9 68 27931.058000000015
0 19 9023.941999999997
6 62 9874.402000000002
41 56 5422.904000000005
73 88 5295.657999999998
33 52 3069.3089999999997
52 65 6895.672000000005
51 69 6095.940000000002
2 64 9699.174999999992
3 29 2648.669
22 42 5132.902999999999
74 89 2135.623
66 85 27515.848999999984
16 84 9561.075999999992
15 39 2129.129
28 58 8913.482999999998
59 82 800.49
29 59 3129.318999999998
48 72 21537.21400000001
40 68 28968.678000000018
6 75 6236.662000000006
3 6 6083.027999999997
54 88 3602.523000000001
25 61 15135.630999999998
51 82 4634.678000000003
3 42 2010.9509999999998
15 16 5898.916999999998
1 81 7602.616
47 48 2360.521
7 12 1292.8799999999999
18 21 3876.3139999999994
17 62 3468.2779999999993
36 75 14609.58399999998
9 58 3403.355999999998
29 36 12533.210000000008
47 84 7548.072
21 32 10551.802
40 45 1088.718
5 87 1063.921
62 69 6779.654000000005
81 82 5582.707999999998
54 65 2004.228
73 78 11748.825999999997
20 72 25533.703000000023
44 51 6219.351000000004
39 85 5049.725999999999
10 58 3694.742
23 77 5792.115999999998
51 59 4194.397000000002
43 55 574.852
3 19 11483.643000000002
22 32 3654.967999999999
74 79 1243.7709999999997
66 75 29446.304000000022
13 69 2900.674000000001
32 82 8054.777000000001
16 74 7413.379999999995
76 88 7272.708000000006
5 64 2253.4049999999997
58 76 3888.68
9 71 14284.942999999997
29 49 3648.227
61 81 7456.041
21 45 4440.147000000003
40 58 2034.462
19 84 7726.942999999998
10 35 1707.7869999999994
62 82 5318.392000000004
54 78 10603.681999999992
13 46 3278.5920000000006
24 55 8055.651000000002
43 68 29194.626000000015
16 51 5740.399999999999
49 84 5725.958999999996
9 48 2494.415000000001
28 61 11843.138999999997
21 22 8329.173000000004
6 42 4914.284999999998
10 12 2236.278
42 81 5281.815
2 8 13034.783000000007
8 88 10063.356999999998
54 55 2142.979
0 84 5101.229
25 28 9477.423000000004
20 62 10093.941
32 36 7131.050999999997
23 67 5467.624999999996
43 45 977.936
35 41 4895.995
1 48 2926.827000000001
87 88 3819.5130000000017
32 72 25949.099000000017
65 69 3162.5280000000002
17 29 9106.967999999986
9 25 8771.390999999996
68 74 27845.080000000013
58 66 30750.253000000004
77 79 1009.2050000000002
9 61 6333.011999999997
50 62 6797.78
42 58 1675.19
19 74 9968.852
31 48 28634.508999999987
10 25 10077.262999999995
2 21 10977.226000000002
32 49 6613.475999999997
68 87 27655.91599999998
30 60 14691.773000000005
50 75 7017.917
8 78 15988.544999999998
0 74 3033.015
19 87 12940.757000000003
60 88 17026.59700000001
20 52 8446.130000000001
39 65 2953.3569999999995
34 72 24753.594000000012
16 54 3993.115
56 90 6710.311
17 19 12697.377000000011
6 9 6966.272000000002
38 78 8940.577999999992
49 87 317.327
50 52 4356.9619999999995
7 90 8044.068999999999
27 68 27304.651999999984
0 51 6231.240000000002
19 64 10939.494000000002
11 60 19628.738999999998
12 25 11797.777999999995
30 73 8584.141999999998
23 34 4812.388
2 11 15664.114000000003
83 85 5026.253
12 61 5460.317999999999
53 62 8034.722
4 57 4602.811999999999
32 39 5928.660000000003
24 35 8056.983
34 85 6702.432
37 90 3331.024
68 77 27563.62900000001
15 71 13106.081999999999
7 67 1952.4300000000005
18 76 3951.338000000001
30 50 15552.909
71 88 9217.459999999995
42 61 4290.5070000000005
60 78 18588.006999999994
20 42 4653.960999999999
11 73 9423.192999999996
52 74 2010.9209999999998
12 38 2300.5269999999996
31 51 23768.686999999984
23 47 4372.482999999998
1 28 4817.192
53 75 9108.379
45 71 11356.056
56 80 752.726
38 68 30337.587000000003
7 80 2878.4840000000004
48 81 4682.431
19 54 13030.094999999988
12 15 1907.832
30 63 9489.953999999998
33 74 5052.884
52 87 5262.449
13 16 6170.166999999998
25 70 10518.065000000002
4 47 1552.272
45 48 1538.435
24 25 18839.841999999997
16 21 8416.064999999993
2 86 7817.421999999996
67 72 20766.398000000012
46 49 2815.3260000000005
38 45 1581.2649999999994
49 54 869.8009999999998
8 22 10300.092999999997
27 35 2209.0840000000003
0 18 4176.9169999999995
79 82 1584.9249999999997
63 74 4772.522000000001
82 87 2043.3500000000001
60 68 44754.46500000002
33 51 5580.993000000002
20 32 2779.9359999999992
12 28 4551.009
44 60 22748.020999999997
4 24 6184.943999999998
2 63 11356.29899999999
33 87 6860.7729999999965
37 57 7078.983000000001
56 70 3808.2990000000013
14 73 4224.331000000001
15 38 3293.759000000001
55 74 2441.8039999999983
26 47 2976.610999999999
67 85 6613.769999999999
18 43 5437.833000000002
59 81 4900.566999999998
70 90 8664.19
8 35 5524.830000000002
48 71 12483.138999999997
0 31 27591.442000000014
33 64 4859.510000000002
25 60 32538.734999999997
3 41 4445.775999999999
14 50 10390.106
18 20 9717.382999999993
7 47 3826.654
5 86 2130.434
11 17 4018.678999999999
63 64 1782.1350000000002
48 84 5581.706000000001
21 67 1986.1770000000001
40 80 621.175
6 87 5142.364
52 54 5288.033000000002
25 37 15385.712000000007
4 14 866.872
22 31 29642.099999999995
32 81 5961.521
37 47 4087.1680000000006
43 90 7202.447999999998
35 86 568.26
14 63 8046.552000000001
7 24 8755.691999999995
47 60 21985.519000000008
26 37 5068.236999999999
78 84 16029.304999999995
77 88 6540.622
9 70 1980.1399999999999
29 48 1857.8629999999996
21 44 2352.4149999999995
0 21 2107.2949999999996
40 57 2592.4040000000005
10 34 4866.424
41 58 6084.347000000006
33 54 6950.111000000002
73 90 8481.782000000001
44 63 5426.242999999997
10 70 1187.767
36 64 15357.74099999999
7 37 4895.154999999999
47 73 3140.633
6 41 9602.964
17 87 6031.295999999999
50 84 4280.495999999998
29 61 3626.0570000000002
40 70 2650.349
6 77 6745.832000000002
39 74 3636.525999999998
2 43 7424.082000000004
3 8 5163.239
14 17 10376.035999999995
13 58 5084.654999999998
4 89 2256.0719999999988
51 84 4258.418
43 80 910.7880000000001
35 76 2725.876
7 14 4873.8589999999995
59 61 6235.723000000003
18 23 8509.858
77 78 12502.042999999994
9 60 23736.11600000001
28 73 6950.962999999995
69 74 2342.2869999999994
29 38 1887.6630000000002
40 47 1566.831
5 89 2161.861
6 54 4590.083999999998
10 24 9550.445999999998
62 71 16113.968000000006
81 84 9550.666999999992
54 67 2927.3209999999985
33 44 5794.734999999997
73 80 2189.338000000001
20 74 6931.370000000001
12 70 2485.7060000000006
31 83 32469.219999999972
51 61 10079.748999999993
43 57 3080.997999999999
35 53 9708.297000000002
14 30 8067.484000000001
1 60 24168.52800000001
13 71 14097.711000000001
35 89 739.1740000000001
9 37 6583.092999999996
55 67 1580.7250000000006
68 86 29262.550000000014
47 63 6999.902999999996
58 78 9617.956999999993
69 87 2120.034
42 70 2935.5820000000003
8 77 3545.099999999999
27 90 9041.443000000001
19 86 11912.158000000007
39 64 4941.373999999998
31 60 44747.57999999996
2 33 13801.396999999995
62 84 2908.1319999999996
12 83 7117.771999999999
13 48 2251.6130000000003
4 79 3130.1870000000004
51 74 5730.170999999999
43 70 2284.775
17 18 6152.882
1 73 1931.8980000000001
5 43 1388.072
46 81 5152.919999999998
38 77 4294.2400000000025
57 90 9925.868
28 63 6197.093000000001
21 24 11462.203999999996
27 67 1000.3830000000003
30 72 19958.742
42 83 7999.780999999998
0 86 5174.149
20 64 6955.102999999996
39 77 3181.587
12 60 20648.168000000016
32 38 5055.738999999999
23 69 4097.228
24 34 6080.754999999998
1 50 5429.9890000000005
34 84 8767.838000000002
13 61 7210.512000000003
24 70 10106.174000000006
57 67 1193.5779999999997
17 31 23009.895000000004
36 44 14324.241999999986
68 76 27548.345999999998
6 21 8262.87
38 90 5673.534
58 68 30750.253000000004
42 60 21845.843000000008
61 73 5776.3110000000015
19 76 9643.637999999999
39 54 2939.4580000000005
31 50 24265.57500000002
2 23 6632.693000000002
54 70 2882.6210000000005
1 27 1961.8439999999998
32 51 9649.405999999995
4 69 2581.4880000000003
23 82 4535.329999999999
24 47 7662.314999999999
46 71 12247.637
65 84 7572.181999999998
38 67 3880.983000000002
57 80 2471.0680000000007
9 40 2095.2719999999995
15 83 8773.492
7 79 2252.8159999999993
27 57 1993.318
18 88 9091.025000000007
30 62 9851.435000000001
42 73 2032.42
8 80 5266.701000000003
39 67 2771.0640000000017
11 85 7865.708999999998
13 15 2679.218
4 46 2185.2110000000002
53 87 10740.542
17 21 7748.204000000001
3 86 2079.823
9 17 8053.908
49 53 10823.910000000005
15 60 22458.791000000005
26 69 1260.2609999999997
46 84 6251.064999999999
18 65 7496.975000000004
30 39 7750.015999999999
42 50 7696.94
61 63 9435.236
8 57 3050.386000000002
27 70 790.0450000000001
20 31 32676.279000000006
11 62 6854.756000000001
12 27 1861.3989999999997
39 44 2396.1520000000005
31 40 28996.482
30 75 9502.502
23 36 11157.878000000002
83 87 7259.896000000003
41 90 12126.999000000003
33 86 6456.963
13 28 2454.959
25 82 10430.327000000003
64 73 2293.9889999999996
24 37 4027.801999999999
56 69 1518.805
22 76 7463.751999999999
34 87 5053.324
5 23 3697.920000000001
49 66 27361.913999999997
68 79 28561.09100000002
15 73 1144.574
27 47 3733.6170000000006
0 30 13115.360999999994
18 78 15733.295999999993
19 43 12351.307000000008
71 90 5058.132999999998
63 86 5948.7530000000015
41 67 3378.169
44 72 21873.362000000016
4 36 11271.131000000008
1 30 10505.126000000006
3 76 2307.543
22 89 5459.272
15 50 6838.334999999998
26 59 711.6799999999997
18 55 5453.794999999999
7 82 1020.135
0 43 5627.010000000002
40 79 1123.9509999999998
20 21 8002.546000000001
6 86 5103.065999999998
52 53 5727.249999999997
4 13 5372.502000000003
41 80 4672.199000000003
33 76 4756.150000000001
13 18 3381.122000000001
53 54 10829.879999999985
37 46 4541.709000000002
16 23 1491.5010000000004
22 66 29642.099999999995
14 62 9528.266000000009
26 36 14014.961000000007
5 13 1580.118
18 32 11949.054000000002
15 63 5061.987999999997
48 60 21248.343000000015
8 24 13433.124
27 37 5892.529
0 20 9736.132999999998
19 33 6114.777
79 84 5861.7660000000005
71 80 12306.243999999992
29 83 7341.584999999996
41 57 2536.9750000000004
60 70 23036.494000000024
33 53 3931.186999999999
4 26 3729.4379999999983
44 62 6907.957000000003
2 65 6618.096000000001
33 89 6479.845999999998
34 54 4592.163999999998
37 59 4963.247
14 75 4123.227999999999
15 40 813.0050000000002
17 86 8775.316999999997
9 82 1627.7079999999999
29 60 21611.486000000008
8 37 9862.239000000001
21 56 4046.4860000000003
48 73 1038.627
11 42 10870.614999999996
10 46 1922.3400000000006
25 62 9600.344000000003
44 75 1033.9170000000001
2 78 3343.158000000002
22 56 4972.741000000002
14 52 6593.019999999999
15 17 8074.095
7 13 1484.816
36 76 15805.76699999999
28 72 17462.453
47 85 5534.938
48 50 8022.802999999997
0 10 4425.057999999999
19 23 15739.310999999992
5 88 4280.519000000001
11 19 16654.318999999992
30 32 7380.354999999999
29 73 2669.426000000001
21 69 3411.4719999999993
33 43 6515.7940000000035
6 89 5103.045000000004
25 39 12193.882999999998
10 59 1437.346
2 55 7565.662000000002
14 29 2136.4010000000007
85 89 5708.069000000001
37 49 4998.939999999998
36 53 22791.862999999994
7 26 900.0360000000003
47 62 8481.617000000002
67 77 413.257
18 35 5232.999000000002
70 82 1095.346
17 76 7677.624999999998
9 72 21227.366000000016
28 85 10157.580999999998
29 50 8311.729
10 36 14636.63300000001
62 83 11213.06
20 86 4842.7419999999975
3 33 5692.846
43 69 526.827
22 46 5003.826
14 42 2800.8510000000006
1 72 21295.43500000002
17 53 10782.745999999994
36 66 40012.63999999998
9 49 3730.499999999998
55 79 1230.17
28 62 4395.585
6 43 4643.264999999999
58 90 6350.913
9 85 7269.602000000001
29 63 6497.244999999998
42 82 2127.0299999999997
31 72 23840.802000000014
22 23 1328.2709999999997
14 19 14612.367
13 60 22731.472999999998
43 82 1458.5059999999999
16 65 1988.8940000000002
35 78 10612.436999999993
47 52 4629.297
59 63 3387.4649999999997
5 55 1959.495
17 66 23009.895000000004
58 67 3243.3769999999995
77 80 1807.4589999999996
48 53 9869.973999999997
21 36 16548.391000000007
80 85 5619.959999999999
54 69 1747.1339999999996
73 82 169.38
25 42 10946.538
20 76 7172.521
39 89 1569.027
4 68 31192.554
23 81 2025.605
3 23 4974.900999999999
43 59 1832.108
65 83 5206.413999999998
16 78 10019.258
57 79 1499.9069999999997
36 56 12594.098999999993
68 88 29430.988999999994
28 52 3754.4829999999997
47 65 3439.564
42 72 22432.959000000003
8 79 4297.494999999999
20 53 14158.617000000006
54 82 1995.026
20 89 4842.721000000002
4 81 6100.384000000002
24 59 8823.784
43 72 22095.569000000014
35 68 28990.832000000013
28 29 8264.747999999998
5 45 2366.008
46 83 7969.886999999998
49 88 3733.8420000000015
50 53 2461.829
29 30 8023.251000000001
27 69 2044.6849999999997
6 46 4912.511
30 74 10309.554000000002
2 12 7632.6929999999975
83 86 8189.923000000002
62 63 2132.546000000001
54 59 1271.5429999999997
20 66 32676.279000000006
51 53 9481.777000000002
24 36 5138.711999999999
43 49 2351.0159999999987
1 52 2145.614
34 86 2497.358999999999
13 63 2536.8079999999995
16 68 28175.444999999992
9 29 2754.6209999999996
28 42 7654.045999999998
15 72 21519.238000000012
18 77 3947.7830000000013
58 70 4511.905999999997
8 69 5382.392000000003
27 82 707.048
0 65 8232.808
39 56 687.1589999999999
12 39 2519.819
31 52 25861.505000000005
23 48 3636.4439999999995
16 45 4704.226000000001
56 81 5128.7699999999995
35 58 2090.1799999999994
1 65 5622.573000000005
14 84 8761.153
46 73 1828.1479999999997
5 35 1635.4339999999997
65 86 3489.2799999999997
57 82 2111.2209999999995
49 78 10923.887
19 55 11979.70400000001
30 64 8683.159999999998
42 75 1459.9860000000006
41 79 3757.708
20 56 3960.853
11 87 8230.643999999997
52 88 8489.722000000007
4 48 3118.9159999999993
16 22 1901.8059999999998
1 42 2576.331
53 89 9385.276999999993
37 81 5868.665999999999
15 62 6543.702000000002
26 71 12944.282000000001
19 32 19024.232000000007
79 83 9070.622
71 79 13315.749999999987
50 56 8234.029000000006
42 52 3899.8540000000003
8 59 5667.131999999998
20 33 10826.716999999997
12 29 2420.71
31 42 29221.222999999998
4 25 12788.523999999998
23 38 2638.2269999999994
53 66 21955.898
13 30 8911.371000000008
4 61 2361.6150000000002
45 62 7659.531000000004
37 58 3491.034
16 35 5046.938000000001
22 78 8229.662000000004
67 86 1719.9440000000002
49 68 27361.913999999997
15 75 1397.228
7 71 12770.877999999997
27 49 2354.8379999999993
0 32 12286.223000000004
18 80 5698.754999999999
30 54 6601.013000000002
63 88 6941.977999999997
0 68 27591.442000000014
41 69 4796.818
60 82 22148.899000000027
33 65 8660.536
4 38 1678.3549999999998
44 74 1265.6060000000002
2 77 9460.188
1 32 9675.988
34 66 31501.908
37 71 8173.611999999998
3 78 11919.127999999995
55 88 4800.2660000000005
26 61 5570.099000000003
19 22 16552.173999999995
11 18 9526.032000000001
63 65 5333.95
48 85 4781.829
8 49 6947.237999999997
20 23 4652.563000000003
6 88 3900.712
52 55 3955.4860000000003
23 28 7083.242
41 82 4328.331999999998
1 9 465.83400000000006
33 78 16811.25700000001
25 74 8792.987
45 52 4885.088999999998
64 65 4288.661
2 90 243.904
3 55 1917.2789999999998
14 64 6389.428000000001
67 76 1168.8529999999998
59 72 20308.94100000001
18 34 8353.246
78 85 10651.806
28 84 5130.057999999997
7 61 6347.448000000002
8 26 5469.387999999996
11 31 26841.541999999998
63 78 14199.090999999999
21 81 8478.43
25 51 11046.605000000005
44 64 3769.119000000002
2 67 9127.030000000002
22 45 4543.911000000001
14 41 7489.529999999999
34 56 1517.964
37 61 1616.6429999999996
7 38 3180.9669999999996
67 89 1747.5600000000004
59 85 4999.964999999998
29 62 7978.9590000000035
48 75 2066.7070000000003
0 35 5288.331
6 78 6068.649999999996
10 48 1579.4330000000002
10 84 4920.359
2 80 7682.010000000001
14 54 4342.102999999998
15 19 11057.385999999999
18 24 13177.874999999995
59 62 4869.179
36 78 2778.8989999999985
28 74 5764.610000000001
47 87 3833.5580000000014
48 52 4155.3330000000005
63 68 24715.822000000004
21 71 15593.168999999998
62 72 15439.762000000008
81 85 334.297
41 49 6354.720999999997
73 81 5681.650999999999
44 54 2599.442
10 61 6045.673000000005
2 57 10164.141000000007
14 31 31624.940000000002
16 77 6845.810999999998
35 90 7345.393
15 32 8064.715000000002
28 51 5338.211999999998
7 28 3560.4809999999993
18 37 9532.886000000002
17 78 15541.553
29 52 4514.642999999999
21 48 3802.6410000000005
6 68 32456.74
10 38 3665.836000000001
25 54 12385.141000000001
32 62 10639.327999999992
51 75 7149.771
24 58 7062.535999999997
3 35 1591.5099999999995
14 44 3837.886000000001
47 77 2759.143
50 88 12279.97999999999
10 15 1233.918
54 58 3845.002
33 35 6310.960000000003
20 65 4378.825000000001
25 31 21455.784
31 74 27845.080000000013
10 51 5031.615000000002
22 25 15634.517999999996
24 71 4130.965
43 84 6140.061000000001
17 32 11236.324000000006
35 80 676.893
6 22 3824.9880000000003
58 69 2229.275
77 82 1380.0149999999996
29 42 664.4500000000002
21 38 5883.038000000004
39 55 1209.6959999999997
30 86 8375.878000000002
2 24 794.31
62 75 7833.485000000002
54 71 11923.091
73 84 4827.200000000002
13 39 4217.071
31 87 27655.91599999998
32 52 10993.493000000008
51 65 5592.31
24 48 8364.783000000003
43 61 4409.324999999997
16 44 6195.099999999997
46 72 22236.821000000007
65 85 2637.9260000000013
16 80 5527.018000000004
36 58 12231.112999999996
49 77 3400.945000000001
9 41 2738.858
68 90 35106.02499999999
15 84 5533.482
6 35 4852.638000000002
58 82 3710.6799999999985
0 77 3308.600999999999
39 68 30168.535000000007
12 51 5182.718000000003
11 86 10974.664999999999
31 64 25844.10399999998
23 60 18028.225000000013
12 87 1177.034
13 52 2857.5240000000003
32 65 4653.201999999998
35 70 2516.7470000000003
28 31 24605.02900000001
5 47 3187.3849999999998
46 85 5252.317999999998
58 59 4100.087999999997
42 51 6661.666000000005
61 64 7778.111999999995
39 45 477.11000000000007
11 63 7057.195999999997
30 76 10514.099999999995
31 41 26329.797000000017
10 18 4173.623
0 90 12485.002000000002
12 64 2732.486
43 51 5993.142000000005
1 54 4014.934000000001
65 75 4615.904
17 35 8280.316999999995
28 44 6725.267999999997
68 80 29357.83100000001
7 70 1907.7299999999996
6 25 15635.497
18 79 4955.1089999999995
42 64 4211.434000000002
61 77 5999.841
27 84 4234.437
0 67 3720.598
60 81 17704.853999999985
11 76 10512.679999999993
12 41 5765.244999999999
34 65 4606.063000000001
45 74 3378.3399999999992
24 51 11832.486
37 70 6379.278999999999
56 83 7316.4959999999965
46 75 1532.0739999999996
5 37 4722.617
57 84 5058.72
7 83 7873.262999999997
8 48 5773.5610000000015
0 44 4086.8359999999993
19 57 9776.1
20 22 4229.148000000001
30 66 30174.053999999996
23 27 4798.618000000001
2 4 5696.503999999998
0 80 5030.202000000001
53 55 9674.124
4 50 9656.566999999997
23 63 6165.949000000001
24 28 12193.918000000001
16 24 7896.6179999999995
35 37 4486.131
22 67 6367.145999999996
5 14 4234.590000000002
57 61 6816.525
49 57 4226.6050000000005
68 70 28092.35199999999
15 64 3404.8640000000023
26 73 701.6890000000001
71 81 10998.539999999995
82 90 8542.03
29 84 7078.638000000001
8 61 9612.157999999998
60 71 18714.064000000002
11 66 26841.541999999998
12 31 28453.661999999993
52 67 2385.9719999999998
31 44 28586.93100000002
4 27 4535.811999999999
23 40 4187.284000000001
1 21 1150.9529999999997
53 68 21955.898
25 86 10934.121000000001
45 64 4520.693000000002
64 77 2852.46
37 60 18778.628999999997
56 73 2905.137
14 76 5319.410999999999
67 88 6128.378999999999
59 84 4926.561999999998
38 61 3247.392
15 77 1066.5169999999998
0 34 7805.268000000002
19 47 12604.975000000008
30 56 8104.022999999999
41 71 16969.587
33 67 4737.019000000001
44 76 1530.2189999999998
2 79 8691.516000000001
45 77 2913.567
14 89 2989.6109999999994
15 54 2310.066999999999
7 50 8087.844999999998
8 15 4565.462000000003
26 63 4060.691999999999
47 86 1277.5930000000003
0 11 11593.804000000002
18 59 4651.673999999999
63 67 4368.2260000000015
29 74 2999.8829999999984
21 70 3023.672
41 48 5193.873
20 25 15375.172999999999
60 61 19863.094000000026
6 90 2801.606
44 53 8516.314999999999
23 30 4218.041000000001
22 34 4512.182000000002
41 84 3459.9689999999996
74 81 7395.626
25 76 8467.773
37 50 12132.738000000001
3 57 2370.8570000000004
22 70 6322.445999999996
14 66 31624.940000000002
15 31 28291.96500000002
7 27 1232.2140000000002
26 40 1586.326
67 78 12172.969999999996
59 74 2624.844999999999
17 77 7549.628000000001
28 86 7641.628999999999
8 28 5033.618000000001
48 64 2982.936000000002
40 60 21793.783000000007
71 84 17492.073999999993
63 80 6057.534
29 87 3330.9000000000005
41 61 9017.655999999997
33 57 4962.773999999999
3 34 4731.249
22 47 5266.0769999999975
66 90 35106.02499999999
36 67 14785.595999999992
55 80 357.76
15 44 384.252
7 40 2436.3689999999997
18 49 5846.499999999995
5 79 1799.3400000000001
48 77 2211.8790000000004
40 73 1747.187
6 80 4967.654000000002
14 20 2049.584
25 66 21455.784
66 67 27546.826000000005
37 40 4624.688000000002
32 74 9478.733000000002
43 83 7545.428999999999
3 47 3112.5979999999995
35 79 1274.3629999999998
15 21 2597.6649999999995
1 86 2563.9139999999998
26 30 7914.879
67 68 27534.42900000001
59 64 1730.3410000000003
70 73 988.2230000000002
17 67 7410.026000000001
36 80 13340.57599999999
8 18 3198.0009999999993
21 37 7891.318999999998
0 14 7878.553000000001
62 74 6413.884999999999
81 87 4019.2789999999986
41 51 5927.0
25 43 11386.982000000002
39 90 6134.375999999998
14 33 8993.899999999998
74 84 5151.736000000001
16 79 6220.939999999997
36 57 15822.706999999991
55 70 2841.9100000000008
47 66 30282.142
58 81 5845.591
9 76 547.371
29 54 2840.2920000000004
21 50 4589.620999999999
2 36 5781.975999999999
32 64 8743.763999999996
43 73 1377.8129999999996
3 37 5691.264000000001
16 56 5133.056000000001
35 69 285.69199999999995
13 87 2419.743
17 57 7884.248999999997
9 53 7554.834999999999
6 47 4457.97
50 90 14938.12400000001
10 17 7272.218000000002
42 86 237.70100000000002
2 13 9590.017
20 67 6152.35
2 49 8295.577999999994
35 46 230.415
14 23 4241.109000000002
65 74 5424.985
35 82 1704.1870000000001
36 47 12830.754999999997
76 83 10537.037000000002
9 66 27931.058000000015
50 67 6173.720000000001
77 84 4855.4490000000005
42 63 5868.557999999998
61 76 6682.002
8 70 4994.591999999998
19 79 10969.957000000013
39 57 3894.616999999999
30 88 4088.51
10 30 9122.074000000002
54 73 2093.9689999999996
13 41 3854.6069999999995
31 89 29280.47700000001
23 85 2158.8410000000003
51 67 5174.812000000003
43 63 5200.033999999998
35 59 2082.684
1 66 27997.428000000014
46 74 2381.561999999999
5 36 13669.341000000006
38 70 3983.5970000000007
57 83 10532.053000000002
17 47 9494.528999999999
49 79 2831.49
9 43 2584.3630000000003
27 60 22402.573000000004
58 84 8016.183000000001
30 65 5009.4609999999975
50 80 7483.324000000003
42 76 2626.245000000001
2 3 9604.079000000005
61 89 4352.202000000003
0 79 4060.995999999999
12 53 10512.992
4 49 4909.279999999999
24 27 9762.04299999999
35 36 13143.20300000001
1 43 3016.775000000001
34 77 3978.9089999999987
13 54 2509.0810000000006
4 85 6209.526
45 86 1233.7240000000002
16 59 4910.975999999999
36 37 9196.378999999995
9 20 6693.486000000002
68 69 28794.917999999994
28 33 4672.517
61 66 33332.89000000002
21 30 11380.940000000004
20 34 2618.3559999999998
39 47 923.9519999999999
30 78 12019.496000000001
23 39 3741.9379999999996
54 63 3891.430999999999
20 70 6523.984999999997
53 67 8104.609999999999
23 75 5550.603999999998
24 40 8199.835000000003
16 36 12502.911000000002
56 72 23298.332000000002
35 49 2601.5919999999996
22 79 6066.765999999994
5 26 527.436
65 77 4857.416000000003
57 73 1982.9990000000003
49 69 2451.736999999999
15 76 1767.6399999999999
7 72 20131.13
27 50 6965.3759999999975
18 81 9477.017999999996
30 55 8093.9090000000015
50 70 7211.214999999998
42 66 29205.68600000002
8 73 4778.632000000001
60 83 15224.724000000011
12 43 1149.5839999999998
1 33 5202.003999999998
13 44 3043.141999999999
64 89 4324.812
56 85 5236.74
9 10 1383.8109999999995
46 77 1917.662000000001
18 58 7114.556
42 43 668.5240000000001
15 89 1003.4240000000001
27 63 3374.1459999999997
0 46 5181.453
19 59 11889.310000000001
11 55 10776.942999999996
12 20 4762.759000000001
30 68 30174.053999999996
41 83 12733.184000000003
12 56 2697.3109999999983
25 75 10324.767
53 57 7383.847
44 88 5796.115999999998
45 53 10603.428000000002
13 21 2514.512999999999
64 66 25865.350999999995
4 52 5859.480999999998
16 26 5018.686000000001
1 46 2571.218
14 65 3911.305
34 80 2195.8789999999995
37 85 6004.8269999999975
78 86 10862.831999999995
65 67 4532.925
57 63 4696.684000000001
15 66 28291.96500000002
26 75 2438.4600000000014
27 40 2360.4280000000003
19 36 25020.821000000004
11 32 13435.67200000001
63 79 5405.9820000000045
29 86 855.1940000000001
21 82 2935.9339999999993
20 37 697.444
60 73 22247.84200000003
11 68 26841.541999999998
10 72 20875.867000000006
1 23 6635.4560000000065
25 88 15586.83
45 66 29764.83800000001
64 79 3750.613999999999
37 62 9467.465000000004
14 78 8065.496999999994
15 43 1303.31
7 39 3426.7009999999996
26 52 3802.986
7 75 3190.0190000000016
48 76 2970.975
8 40 5374.4180000000015
19 49 13015.414000000006
30 58 8291.711
4 6 2984.861
60 86 22037.549000000046
33 69 6145.292000000003
44 78 11705.640999999992
37 39 3270.8190000000013
2 81 8525.485999999994
15 20 5514.625000000006
34 70 5263.560999999997
26 29 2474.794000000001
18 25 6893.637999999998
3 82 1083.24
36 79 14350.081999999986
8 17 8396.125000000002
11 22 9979.888999999996
29 76 3241.034
48 89 1339.8870000000002
21 72 20766.28400000001
60 63 23779.51800000002
52 59 4093.497
4 19 13878.828000000003
44 55 1201.0280000000002
10 62 5720.2210000000005
22 36 10713.315000000004
1 13 2877.6139999999996
25 78 21512.018000000025
66 79 28561.09100000002
56 65 3146.228
3 59 1847.622
14 68 31624.940000000002
15 33 5496.541000000001
26 42 1842.3929999999998
18 38 7267.7559999999985
59 76 2829.3910000000005
9 75 1556.757
29 53 10227.130000000005
8 30 13351.859999999991
0 26 5232.8889999999965
40 62 7079.163000000005
11 35 10479.664999999999
6 69 5029.453
21 85 8577.828000000007
25 55 11001.667000000005
10 75 2501.9350000000004
51 76 5442.411
2 71 4925.274999999997
3 36 14449.89400000001
22 49 3868.7789999999995
14 45 1930.9650000000006
13 86 3560.0730000000017
36 69 13402.374999999989
28 65 10636.113999999992
0 3 4745.986999999998
9 88 6784.211000000004
48 79 1531.3259999999998
21 62 6207.142000000001
40 75 1487.8289999999995
33 36 19342.02299999999
25 32 18046.195000000007
10 52 3085.6649999999995
2 48 7874.794
14 22 3932.889
34 37 4282.192000000002
37 42 4543.482999999999
3 49 3019.7720000000004
35 81 5041.975999999998
77 83 9824.765999999998
28 78 18219.52600000002
48 56 2128.2859999999996
80 88 5132.685
6 59 5370.184000000001
10 29 2759.0880000000006
81 89 5608.671
54 72 20812.907000000007
73 85 5781.048999999998
20 79 5716.835999999999
31 88 29430.988999999994
32 53 16705.98000000001
3 26 1649.8779999999997
32 89 7390.0840000000035
36 59 13992.360999999995
9 42 2143.9189999999994
6 36 8619.490000000003
17 82 6869.892000000003
50 79 6514.118000000001
29 56 277.415
39 69 1453.37
10 42 2126.9580000000005
2 38 5886.259000000003
12 88 3696.2630000000017
16 58 5779.416000000003
7 9 2619.068
13 89 3591.5000000000005
17 59 6429.611000000001
10 19 11098.041000000001
2 15 8482.279000000002
62 66 22582.338
73 75 2419.4740000000006
25 35 11048.303000000004
12 65 2097.968
31 78 37384.73899999995
24 39 6845.966000000001
3 16 5948.098999999997
1 55 2631.4599999999996
16 71 10597.687000000004
17 36 18025.20600000001
36 49 13532.793999999993
9 32 9243.575999999997
76 85 7758.099000000002
5 61 5780.873000000003
77 86 1917.7379999999996
50 69 7599.015000000003
69 82 1539.956
42 65 3299.8880000000004
61 78 6719.226999999996
21 42 3452.1450000000013
19 81 16789.877
30 90 9850.109999999997
23 51 5506.010999999999
4 74 4344.721
32 56 6508.216000000001
23 87 3071.5940000000005
64 88 5886.956
24 52 11910.799000000005
35 61 4420.295
1 68 27997.428000000014
5 38 2825.201000000001
38 72 23195.01100000001
17 49 5766.2970000000005
49 81 3886.1820000000002
9 45 3131.9209999999994
6 39 3641.621000000002
19 58 13184.012
42 78 10666.893999999991
13 20 6796.017999999998
32 33 13212.474999999997
23 64 5218.359999999997
24 29 7454.179999999997
16 25 15788.691999999995
5 15 1440.9279999999999
65 66 29005.442999999996
16 61 6923.773999999999
28 35 7745.509999999999
26 74 2427.1009999999987
5 51 4703.636999999999
58 63 7468.0139999999965
50 59 7883.754999999997
42 55 93.672
0 58 6446.0030000000015
20 36 8888.650000000003
39 49 3749.48
11 67 9931.320999999998
12 68 28453.661999999993
13 33 4774.3550000000005
32 46 7199.550000000003
45 65 2717.3979999999992
1 58 3714.1799999999994
46 66 29017.64600000002
5 28 3991.9049999999993
38 62 7755.249000000006
57 75 1758.5990000000002
49 71 12078.535
15 78 11530.537999999995
7 74 2844.4899999999993
8 39 6670.410000000002
26 87 1505.7549999999997
11 44 10666.34299999999
8 75 4662.322
60 85 17700.01299999998
52 81 8875.715
12 45 2099.0969999999998
31 58 30773.631999999998
34 69 2980.9299999999985
45 78 9780.511999999995
37 74 6820.892000000002
38 39 1234.9660000000001
14 90 4798.452999999999
15 55 927.7849999999999
26 64 2403.568
27 29 3265.594000000001
38 75 3931.7430000000013
8 52 2342.519
20 26 5303.217000000002
60 62 24431.845999999976
11 57 10719.303999999996
30 70 9372.794000000004
23 31 28946.162999999993
41 85 9972.788000000004
1 12 3619.3300000000013
25 77 9068.573
13 23 5196.969
4 54 4099.258
44 90 8438.596999999996
53 59 9689.095000000001
64 68 25865.350999999995
16 28 8134.901
3 58 3583.334
22 71 8966.897
14 67 4303.616000000001
34 82 4462.334999999996
46 56 1108.2079999999999
38 52 6265.762000000001
8 29 6033.767
18 73 4301.707
19 38 14340.574999999988
11 34 13136.229000000001
0 61 9375.658999999996
60 75 23164.17300000004
12 35 1499.1849999999997
44 67 1117.973
4 31 31192.554
10 74 1638.2070000000006
25 90 18244.974000000002
45 68 29764.83800000001
3 71 13494.671999999999
14 80 2854.22
15 45 1866.1219999999998
18 50 4057.354
9 87 3630.846
29 65 3065.5309999999995
40 74 2334.3129999999996
19 51 11659.714
11 47 11693.877000000002
1 2 10096.528
33 71 18386.80099999999
15 22 5743.6219999999985
26 31 28072.552999999985
18 27 3872.919
59 65 2922.081999999999
38 42 2535.703
15 58 2496.5789999999993
28 77 5727.664
47 90 6947.843999999998
8 19 6916.859999999998
48 55 1137.5210000000002
7 54 1080.826
0 15 4328.963000000002
19 28 10114.421000000002
11 24 15612.865000000009
30 37 7680.920000000002
63 71 15353.739000000003
82 84 4737.915000000001
29 78 10002.443999999994
21 74 1298.5939999999998
60 65 18567.67300000001
25 44 9846.808
10 64 2581.3830000000003
74 85 7495.024000000001
25 80 10790.173999999997
66 81 27792.50899999998
3 61 5858.934000000004
14 70 5131.2930000000015
26 44 1425.4840000000004
67 82 967.772
17 81 5944.242999999996
28 90 14952.482000000007
48 68 28651.92099999999
21 51 5518.536000000002
40 64 3940.325000000003
6 71 7586.055
41 65 7893.3470000000025
54 84 5740.639999999996
51 78 13961.929
2 73 8709.033000000003
