91
13 88 0.12913947245263677
17 58 0.22160973212393423
55 84 0.14196418167438707
28 67 0.13718544060352408
29 32 0.1460551701377728
40 41 0.1060359675844633
21 64 0.06628833570013626
41 42 0.10798594062067327
73 74 0.038945164465713084
39 81 0.11039309709098294
44 47 0.043083500160263306
22 28 0.178374895108231
32 78 0.10386644103554801
43 87 0.04544103029720049
1 90 0.22064316934634334
7 21 0.08596181408938744
59 68 0.6133805196866946
18 30 0.27401670425509494
5 60 0.4744202394107494
9 67 0.015865791267977387
69 81 0.11504686739077309
48 58 0.06330188507448359
40 54 0.045962095625542584
80 90 0.16660730946063138
6 61 0.03220592626903257
2 27 0.20717606611988298
20 81 0.14625034619450814
31 90 0.7844139126677075
32 55 0.15950017501047103
14 37 0.043329553822171685
1 67 0.025527665228486134
16 83 0.10226534939027868
6 38 0.06550311795705746
9 80 0.04441020577499917
42 77 0.04312765217950876
21 54 0.10927955456511437
11 89 0.24592165273341984
13 55 0.07572728218290621
16 60 0.3933226997574431
36 38 0.25795917792783335
28 34 0.22953571224681144
5 50 0.1823872098571616
6 15 0.12887927495055518
38 84 0.1692966724102276
17 61 0.260518654395712
58 62 0.19997396907772216
9 57 0.011550467646077318
50 58 0.1988432885970148
61 67 0.1300618385227037
6 51 0.20190159797463766
10 21 0.060432763524265076
42 90 0.1653432791566159
62 68 0.5045829058620183
54 64 0.051406647359095864
20 71 0.17726562031296755
39 84 0.16321830682145333
4 63 0.1733524911983641
51 58 0.18500770816945297
3 18 0.10187195847386395
5 27 0.029385425565918385
65 78 0.20003979491208296
17 38 0.19046016972831628
57 74 0.0068723645785956754
36 51 0.3702138769841174
9 34 0.10641666702975885
26 86 0.042893150437615525
50 71 0.4419829842676031
42 67 0.03741295980188792
0 70 0.10631549276703445
11 79 0.23775288119297114
12 44 0.04931335901345262
2 30 0.2253968849811965
13 45 0.08481046527983296
23 89 0.10190661423390932
64 90 0.21180615163202146
56 86 0.022221916852318523
35 63 0.12178918907867618
9 11 0.23768111181755813
1 70 0.050751852357077666
5 40 0.04015465272571127
46 78 0.23845873255327685
9 47 0.05832081782231112
42 44 0.02557778313292316
15 90 0.1846406609932662
7 86 0.06188662963572461
8 51 0.1486972752327617
19 60 0.743437531875311
11 56 0.25462663892865206
42 80 0.0059008190579420364
2 7 0.18467815445900193
8 87 0.15356190717507168
20 61 0.02114658280464306
13 22 0.13442913461260228
4 53 0.2585656649006976
23 66 0.6467770981063002
43 44 0.03556661888372476
45 90 0.14553783628069283
65 68 0.648101658683664
57 64 0.06900361785131379
17 28 0.11236865416668478
76 77 0.017306653090367625
9 24 0.22688189882283236
28 37 0.27021259219610827
7 63 0.07171695606237273
18 72 0.39934482514761366
6 18 0.22240060293425476
79 88 0.13008659582904178
8 64 0.11032684671797546
27 77 0.02587203310328924
11 69 0.23048574036132474
39 51 0.16515907407227415
30 82 0.18959446839549968
1 24 0.23654377278334113
34 58 0.028990314150778018
4 66 0.6969707715196682
24 44 0.2045754540915637
37 63 0.17843473271326096
56 76 0.0719015856853612
22 83 0.07717625492786022
26 53 0.21266318343879193
38 64 0.10314973042354547
15 80 0.0241490541781697
7 76 0.06812808509720761
0 37 0.21507887537031217
19 50 0.10858170240667593
0 73 0.10149005244504652
41 74 0.06099340032329734
20 51 0.20693754243291695
44 79 0.0005773725593636298
23 56 0.09114502876975508
45 80 0.02742765442509478
5 7 0.016098282037334145
37 76 0.1577952724940405
56 89 0.019844209957598637
3 83 0.19711009840023777
9 14 0.10805415727793859
15 57 0.039874904101747155
26 66 0.6272570345774433
71 74 0.32466668968112977
50 51 0.18385012534503528
42 47 0.026981866502035032
82 83 0.19253958236345795
40 86 0.011452309842157641
60 64 0.5101598019326121
31 37 0.715824689223745
23 33 0.21332394432600174
1 14 0.11771603123844739
33 83 0.304584849802137
34 48 0.0799984314414215
45 57 0.08125292079795834
22 73 0.12364786396172973
14 69 0.06531357262342424
15 34 0.08574652830728724
26 43 0.026305710502851493
59 77 0.04596806151073416
38 54 0.055320916024803324
15 70 0.045754898421866926
8 31 0.581988880885963
27 44 0.04696860972419174
0 27 0.09932255921280699
18 75 0.13049696829132013
19 40 0.26512722250171017
30 49 0.14411006812392904
21 86 0.0768577615663599
41 64 0.0963171607570328
60 77 0.5229798859175282
33 60 0.6075855224724501
52 73 0.07173632843114085
12 37 0.09249722904742574
10 76 0.04199263693577834
22 50 0.27935896451895903
14 46 0.06264074433690582
34 61 0.08985304594748252
45 70 0.0728990504075962
37 66 0.7161252625855319
3 73 0.021810494215493356
14 82 0.0961920559211243
15 47 0.04533509673280641
18 52 0.05090895400045559
59 90 0.18127112009941343
9 89 0.042681797224031134
48 80 0.031667030317533665
40 76 0.05754652636334719
0 40 0.11480237781861537
11 49 0.17798548144861068
6 83 0.08174058163805553
10 53 0.19678776184677865
41 77 0.06627656033872817
1 4 0.1012044943448659
37 43 0.09546450840156395
51 90 0.26105138336476597
3 50 0.16414791239265167
43 86 0.01792346305558562
14 59 0.10453987104973772
15 24 0.20054126443026396
26 33 0.13444356892658638
59 67 0.03871758940700106
28 79 0.149692952423853
7 56 0.08020493597677905
40 53 0.21357768437182745
0 17 0.18411132833338525
19 30 0.43419991725965207
71 77 0.3147042870471133
63 73 0.08824498293075338
21 76 0.021749338306244963
60 67 0.5157294138137952
33 50 0.06010562298085787
52 63 0.06335948826558421
25 46 0.24447672427767822
44 59 0.046720813219418414
10 66 0.624256909338543
2 62 0.28685435073349635
14 36 0.2367643764705936
34 51 0.20138274471608586
66 83 0.7254967744559109
13 77 0.04681906039989528
32 90 0.05534113747086462
24 86 0.18562194855865205
16 82 0.12488195311909095
36 60 0.45843019238415633
59 80 0.06019656362778551
18 42 0.12395337537830016
5 72 0.46547322149868164
17 83 0.23731607561390797
9 79 0.022754131906168464
29 57 0.07279662487307127
21 53 0.14798874257574068
2 39 0.14201883543910085
62 90 0.2820933955975117
12 89 0.04528766012508471
3 40 0.03914112256732371
35 72 0.49409150573021043
17 60 0.49267727812185863
36 73 0.32103163338004365
9 56 0.06118406286389522
55 86 0.007404244470356195
28 69 0.16988409983227365
47 82 0.07245241340724325
40 43 0.012071421253722948
0 7 0.12587503839002423
29 70 0.07982640391299506
21 66 0.6120191359677744
41 44 0.08454012353851172
25 36 0.5372153147177603
39 83 0.14968817077804403
31 79 0.6381729956999823
51 57 0.12622282491813938
3 17 0.16159782046327664
22 30 0.09238396660534316
14 26 0.0897718696894265
74 77 0.01296563370827916
66 73 0.623451358428706
85 86 0.1244852999583393
13 67 0.04369977386613826
32 80 0.16209987092907935
16 72 0.469924553896466
55 63 0.12903485719246105
47 59 0.08115340000154167
59 70 0.037718806380547705
6 27 0.1409567291218876
58 74 0.08147153585681333
77 87 0.07568534223345087
21 43 0.0869765508312969
12 79 0.04989073157281625
4 75 0.07573968318021447
23 88 0.022380515553029168
24 53 0.39377715720654904
43 66 0.65232878998777
3 30 0.19762432642195588
24 89 0.18562147933172693
65 90 0.14276852600070172
57 86 0.0584302594165744
6 40 0.1116199244030735
50 83 0.3473242055289902
42 79 0.026155155692286786
0 82 0.10435506267363488
20 60 0.4225889193402265
32 34 0.11542354489099575
3 7 0.04581306021644989
13 57 0.058505916672224746
4 88 0.10058560637469349
32 70 0.19977050334530866
16 62 0.16931164298355464
36 40 0.29870565987103154
6 17 0.23725398125080904
38 86 0.06092945139663716
69 73 0.03237120586739222
80 82 0.05128815638841844
2 19 0.4343735759102476
54 66 0.6246412061902645
39 86 0.033335444854496625
13 34 0.13848421604414218
4 65 0.08375584424928328
51 60 0.5051211761776171
23 78 0.19381809166973615
5 29 0.06000670547620219
65 80 0.07906748522186555
57 76 0.00664449904607283
9 36 0.34052836962747746
28 49 0.20187746630419995
18 84 0.024549416466044218
42 69 0.013955836585243502
61 82 0.13086971322302696
8 76 0.06578784932408417
19 85 0.37307975863413845
39 63 0.14743775844488352
12 46 0.03604958745457015
4 42 0.04746279505296283
53 83 0.3912749487676816
56 88 0.10591743192550726
46 80 0.009985193656096654
5 42 0.045876249442374055
38 76 0.11184162295315113
42 46 0.004572013094112508
7 88 0.09947061147977077
8 53 0.10223643607403186
27 66 0.6100989476692431
19 62 0.2251900452837499
23 32 0.09762145520005654
0 85 0.230418328093074
4 55 0.0468056986045973
32 37 0.06388167080089098
64 69 0.08119828937738388
24 33 0.31932871949201025
43 46 0.010374607315716987
35 42 0.009711410917324111
1 49 0.09301668559773861
34 83 0.17536098353538565
5 19 0.2748314162620422
65 70 0.10028552458397162
9 26 0.0489390723361345
68 75 0.6579523182770705
26 78 0.25660445276242244
27 43 0.044274621537761634
6 20 0.011059343464389528
71 86 0.27799809471524217
30 48 0.1695096344018412
42 59 0.05587446973167924
0 62 0.14923704260569298
19 75 0.25697172338000235
12 36 0.2924040763307081
31 49 0.6109917300988845
34 60 0.503069984190404
53 73 0.19942394574485459
64 82 0.04854764770397767
56 78 0.22293540990826255
16 42 0.11815808769024494
3 72 0.46951894073585737
15 46 0.019260044779889556
5 32 0.1595100064317604
18 51 0.10118912157703147
49 75 0.0819864565468496
7 78 0.2527370844450937
8 43 0.1310150618491362
30 61 0.20708595220610937
41 76 0.05372677340685447
1 3 0.05048135420678137
12 49 0.03339021033990686
4 45 0.03657534505216405
10 88 0.13034612300694456
16 19 0.3728545743983308
2 84 0.2901139584620213
22 62 0.17517941505948043
46 47 0.031115063044547614
38 43 0.04501550850848064
3 85 0.13499120143654927
49 52 0.11931558113810536
26 68 0.6272570345774433
79 80 0.022559469764636884
11 25 0.35869998669406494
82 85 0.12696176794873976
29 79 0.039892086744864434
40 88 0.10818759647780385
20 30 0.18671359382801234
52 62 0.10659052677760747
4 22 0.09891446585273672
23 35 0.08922557782782119
10 65 0.0947284477649324
41 89 0.1026678567155255
1 16 0.1700088248178143
25 81 0.3568989820345299
53 63 0.18050963183226512
37 55 0.10011300548448071
56 68 0.6714379224508659
3 62 0.1269197833110059
22 75 0.14412249146537656
26 45 0.0481568487077211
18 41 0.08145252099427398
38 56 0.04288731861725973
70 88 0.12441605547066638
7 68 0.6094074859346431
71 89 0.27799762548831686
63 85 0.1515955111964805
44 71 0.2967566476328114
14 48 0.07613028107921747
37 68 0.7161252625855319
3 75 0.06317126123616937
36 72 0.7344164878297615
47 81 0.12125697402482628
8 10 0.104158478936124
0 6 0.22336412690890164
18 54 0.1309630446928591
11 15 0.22974447354023753
29 69 0.028235350372303618
48 82 0.021169708988812614
21 65 0.14520086431599627
40 78 0.2402384655922038
41 43 0.11806243242992626
33 39 0.16718401169581618
4 12 0.08250957753600668
10 55 0.045432025609064924
74 76 0.010222376694705207
32 79 0.18465641361146864
56 58 0.017090786360645798
3 52 0.07773262399628728
22 65 0.04142458188250043
14 61 0.04357140678589275
15 26 0.023246663768631787
7 22 0.10476027363973625
26 35 0.03183280148695776
17 72 0.33262455489078024
36 85 0.2930607705845662
9 68 0.6240954505880029
0 19 0.20163221703130613
6 62 0.22063501373550098
41 56 0.12117012235538963
73 88 0.1183269200067523
33 52 0.06858106783312008
52 65 0.15407785569551558
51 69 0.13620853248943987
2 64 0.2167197172393858
3 29 0.05918222908038335
22 42 0.11469029961591536
74 89 0.047718657792021404
66 85 0.6148179628557725
16 84 0.21363401394698803
15 39 0.04757355495144449
28 58 0.19916410574900167
59 82 0.01788626006366068
29 59 0.06992193963216847
48 72 0.48123050962624625
40 68 0.647280176402511
6 75 0.13935284445920654
3 6 0.13592002496287228
54 88 0.08049527572276866
25 61 0.3381926473704912
51 82 0.10355789081603368
3 42 0.04493296925792765
15 16 0.13180622313326715
1 81 0.16987391090475545
47 48 0.052743810031021465
7 12 0.02888829081076043
18 21 0.08661289996428284
17 62 0.07749568674321093
36 75 0.32643857992716424
9 58 0.07604506053194908
29 36 0.28004379004418894
47 84 0.16865517217108947
21 32 0.23577093369343138
40 45 0.02432646664416611
5 87 0.02377239902208639
62 69 0.15148553334287432
81 82 0.12474080519116909
54 65 0.04478274960945236
73 78 0.26251740468800133
20 72 0.5705286165302169
44 51 0.1389660450638836
39 85 0.11283178114183684
10 58 0.08255582990434583
23 77 0.12941984671250112
51 59 0.0937201908234184
43 55 0.012844573161582867
3 19 0.2565921187975322
22 32 0.08166711410805598
74 79 0.027790992474158706
66 75 0.6579523182770705
13 69 0.0648130639032329
32 82 0.17997705927218655
16 74 0.1656455953612671
76 88 0.1625024005984655
5 64 0.050350395206377706
58 76 0.08688920759079564
9 71 0.3191847562025374
29 49 0.0815164922650734
61 81 0.16659881868769957
21 45 0.09921126305498236
40 58 0.045458302316874956
19 84 0.17265189071079265
10 35 0.038159030612923174
62 82 0.11883489166946812
54 78 0.2369301476400173
13 46 0.07325731633704032
24 55 0.17999658804992974
43 68 0.65232878998777
16 51 0.12826429720475926
49 84 0.12794162548921081
9 48 0.05573555621768688
28 61 0.2646247474972607
21 22 0.18610820171797385
6 42 0.1098054685716832
10 12 0.049967707132684946
42 81 0.11801761008650193
2 8 0.29125100702242784
8 88 0.22485705057584743
54 55 0.04788302128066996
0 84 0.11398257134790904
25 28 0.21176485966260575
20 62 0.2255404237320231
32 36 0.15933719685845857
23 67 0.12216937460876795
43 45 0.021851138204869607
35 41 0.10939679426399126
1 48 0.06539743017819563
87 88 0.08534373050822974
32 72 0.5798102826164944
65 69 0.07066396615399154
17 29 0.20348736154035094
9 25 0.1959891823084019
68 74 0.6221743461797611
58 66 0.6870879363656787
77 79 0.022549817096461765
9 61 0.14150570228020812
50 62 0.15189054321172193
42 58 0.037430678704348255
19 74 0.22274541769184364
31 48 0.6398134577186874
10 25 0.22516776817687334
2 21 0.2452766668085519
32 49 0.14777242896323292
68 87 0.6179476394143013
30 60 0.32827502239162054
50 75 0.15680931500354206
8 78 0.3572502765925141
0 74 0.06777010964157427
19 87 0.28915007698114586
60 88 0.3804446550751976
20 52 0.18872150521741232
39 65 0.06599022019367226
34 72 0.5530977523695122
16 54 0.0892227177779915
56 90 0.14993612369179246
17 19 0.2837119603597095
6 9 0.15565535192969013
38 78 0.19976952020317948
49 87 0.007090398689829046
50 52 0.09735256582778942
7 90 0.17973779822862357
27 68 0.6100989476692431
0 51 0.139231694535953
19 64 0.24443357774470095
11 60 0.43858727838663675
12 25 0.26361119499473384
30 73 0.1918052645696914
23 34 0.10752866781001623
2 11 0.35000114513713876
83 85 0.11230729716018274
12 61 0.12200610598294488
53 62 0.17952894755864016
4 57 0.10284587247328277
32 39 0.13247080486829638
24 35 0.18002635044346965
34 85 0.14976007421829302
37 90 0.07442886424851684
68 77 0.6158855658312529
15 71 0.292844121809969
7 67 0.043625367882288386
18 76 0.0882892466706953
30 50 0.3475163651269207
71 88 0.2059562101792523
42 61 0.09586768605098953
60 78 0.4153330176106448
20 42 0.10398875285404478
11 73 0.21055313698867792
52 74 0.044932298933748824
12 38 0.05140329573820173
31 51 0.5310908531696217
23 47 0.09769936921377557
1 28 0.10763600905518585
53 75 0.20351888912089547
45 71 0.2537412970973957
56 80 0.016819014594409737
38 68 0.6778672697796743
7 80 0.0643172474522933
48 81 0.10462489049975232
19 54 0.291146257697416
12 15 0.04262886395804305
30 63 0.21204485407210194
33 74 0.11290234393372812
52 87 0.11758489348492933
13 16 0.13786707091683467
25 70 0.23501710946606105
4 47 0.03468418179057663
45 48 0.03437500593516198
24 25 0.42096005392981434
16 21 0.1880497286695303
2 86 0.1746735660899978
67 72 0.46400728955200343
46 49 0.06290603630274653
38 45 0.03533200542113505
49 54 0.019434954702285002
8 22 0.23014671273581291
27 35 0.049360080608716904
0 18 0.09332961526855472
79 82 0.03541378497095204
63 74 0.10663789635291135
82 87 0.04565689702692233
60 68 1.0
33 51 0.12470248499227954
20 32 0.06211527721312272
12 28 0.10168837902542234
44 60 0.5082849498927088
4 24 0.1381972502631859
2 63 0.25374672672324394
33 87 0.15329806757828507
37 57 0.15817378221368522
56 70 0.08509316333018392
14 73 0.0943890402890527
15 38 0.07359620989771634
55 74 0.05456000870527661
26 47 0.06650981080882093
67 85 0.14777899814018547
18 43 0.12150369801091356
59 81 0.10949895166884457
70 90 0.19359386823191824
8 35 0.12344757109709611
48 71 0.2789249966455859
0 31 0.6165070233774441
33 64 0.10858156834184031
25 60 0.7270500272989519
3 41 0.09933703821506965
14 50 0.23215797574610703
18 20 0.21712655932765565
7 47 0.08550329000693
5 86 0.0476027140532235
11 17 0.08979392335490989
63 64 0.03982027268117269
48 84 0.12471841636359632
21 67 0.04437941555105171
40 80 0.013879620726110785
6 87 0.11490169751777833
52 54 0.11815654594463368
25 37 0.3437804920693388
4 14 0.01936950871829212
22 31 0.6623272113743284
32 81 0.13320505562964494
37 47 0.09132425111103437
43 90 0.16093250137165074
35 86 0.012697280595355118
14 63 0.17979327872649126
7 24 0.19563840166562133
47 60 0.4912474989925586
26 37 0.11324539350431286
78 84 0.35816102371014796
77 88 0.14614456903908912
9 70 0.044244523982132265
29 48 0.04151234966164826
21 44 0.0525626884379022
0 21 0.04708569301409365
40 57 0.05792503608299193
10 34 0.10873605572092077
41 58 0.13594949688260163
33 54 0.15529424829455563
73 90 0.18951811847153122
44 63 0.12124472943649298
10 70 0.02653963129712308
36 64 0.34315550414913876
7 37 0.10937802518698407
47 73 0.07017474122414374
6 41 0.2145699652537461
17 87 0.13476411794890178
50 84 0.09564399887251465
29 61 0.0810211226969197
40 70 0.05921976723439771
6 77 0.15072980986366386
39 74 0.08125504349119125
2 43 0.1658847223399945
3 8 0.11536813142554597
14 17 0.2318435937062367
13 58 0.11361223958324596
4 89 0.05040998702587547
51 84 0.09515068496517605
43 80 0.020350773939538765
35 76 0.060907353042875145
7 14 0.10890218439657356
59 61 0.13933186331240915
18 23 0.19014545252635678
77 78 0.2793473902548045
9 60 0.530363082208669
28 73 0.1553132855012342
69 74 0.05233638699512995
29 38 0.04217820501261717
40 47 0.03500949011456174
5 89 0.04830492331882415
6 54 0.10256147626834543
10 24 0.21339649574629022
62 71 0.360052745575218
81 84 0.2134014338010741
54 67 0.06540846818300693
33 44 0.12947836601331275
73 80 0.0489188732342125
20 74 0.1548754967800419
12 70 0.05554096110857318
31 83 0.7254967744559109
51 61 0.22522331570715878
43 57 0.06884224847733066
35 53 0.21692354047802825
14 30 0.18026098625019868
1 60 0.5400249561691778
13 71 0.3150012183141949
35 89 0.01651620681869395
9 37 0.14709354697905547
55 67 0.03531993958591618
68 86 0.6538464933051932
47 63 0.15640680767829518
58 78 0.21490497093418476
69 87 0.04737033500456322
42 70 0.06559305311771683
8 77 0.07921220821207443
27 90 0.20202326181309502
19 86 0.26616691764721134
39 64 0.11041074896102536
31 60 0.9998461606009577
2 33 0.308380337023356
62 84 0.06497970649408943
12 83 0.15904048903277015
13 48 0.05031035450876241
4 79 0.06994133434507593
51 74 0.12803573900391832
43 70 0.05105133085603859
17 18 0.13748085246913347
1 73 0.043166598014298674
5 43 0.03101527411845945
46 81 0.1151375622521685
38 77 0.09595109672297503
57 90 0.22178497720841922
28 63 0.13846870921147195
21 24 0.25611308279520245
27 67 0.022352697099607823
30 72 0.4459609113861598
42 83 0.17874822098755946
0 86 0.11561190598524634
20 64 0.15540579023791243
39 77 0.0710898231048008
12 60 0.46136554196324336
32 38 0.11296613645141321
23 69 0.09154903315233459
24 34 0.13586923673425647
1 50 0.12132843058228934
34 84 0.19590979358148952
13 61 0.16111268451091976
24 70 0.22581375958800987
57 67 0.02666947309056201
17 31 0.5141362990262535
36 44 0.32006285853266214
68 76 0.6155440803504184
6 21 0.18462671825034657
38 90 0.12677023398670942
58 68 0.6870879363656787
42 60 0.4881265589924938
61 73 0.12906669759095543
19 76 0.21547879077540075
39 54 0.06567965900162138
31 50 0.5421933878552678
2 23 0.1482018162880508
54 70 0.06440968515655364
1 27 0.04383571560960452
32 51 0.21560767177084994
4 69 0.05768112745845581
23 82 0.10133804526542764
24 47 0.17120783367648335
46 71 0.2736629071535096
65 84 0.16919388936947397
38 67 0.08671722475064779
57 80 0.05521388759758383
9 40 0.04681704942735878
15 83 0.19603612734505924
7 79 0.05033723450833338
27 57 0.044538975049752
18 88 0.20313112892758306
30 62 0.22012183588832973
42 73 0.04541267558443608
8 80 0.11767990076520858
39 67 0.06191704000930411
11 85 0.17575249754409966
13 15 0.05986482019168364
4 46 0.048826658971345076
53 87 0.23998816654382965
17 21 0.17312694945632792
3 86 0.046471854819401796
9 17 0.1799576422151398
49 53 0.24185095274851348
15 60 0.5018223544846306
26 69 0.028159447331121024
46 84 0.1396746670974616
18 65 0.16751345368557083
30 39 0.17316743703672907
42 50 0.17198149949954705
61 63 0.21082222745819879
8 57 0.06815824968525488
27 70 0.017652875528732157
20 31 0.7301233295940415
11 62 0.15316362289215163
12 27 0.041591358538192756
39 44 0.05353995405821518
31 40 0.6479014328514482
30 75 0.21232522833196635
23 36 0.24931318026033822
83 87 0.1622161274858274
41 90 0.270967354877329
33 86 0.14427528068987078
13 28 0.054853945857692606
25 82 0.23305667937266145
64 73 0.05125720975549587
24 37 0.08999776893769142
56 69 0.033936390480815704
22 76 0.16677111434579758
34 87 0.1129121753550176
5 23 0.082626839579023
49 66 0.6113784177735112
68 79 0.6381729956999823
15 73 0.02557452088858619
27 47 0.08342445831941012
0 30 0.2930514530784803
18 78 0.3515469573817939
19 43 0.2759793240741455
71 90 0.11301962832088365
63 86 0.13291976565913588
41 67 0.07548227869554465
44 72 0.48874144736173264
4 36 0.251843721067831
1 30 0.23472799864773272
3 76 0.05156006221949026
22 89 0.1219827340132431
15 50 0.15279670978080054
26 59 0.01590187705293761
18 55 0.12186035516232843
7 82 0.022794038538948003
0 43 0.1257306952501834
40 79 0.0251137177039207
20 21 0.17881000253270815
6 86 0.11402361753179255
52 53 0.12797047177303975
4 13 0.12004393304668039
41 80 0.10439626526649355
33 76 0.10627207810438576
13 18 0.07554826093888062
53 54 0.24198434726009976
37 46 0.10148057852998578
16 23 0.03332630610152529
22 66 0.6623272113743284
14 62 0.2129009027367438
26 36 0.3131522407875952
5 13 0.03530637669336455
18 32 0.2669913270106122
15 63 0.11310576497786298
48 60 0.47477593576417476
8 24 0.30015159381304174
27 37 0.1316634887714555
0 20 0.21754551193942312
19 33 0.13662942904132577
79 84 0.13097611601434625
71 80 0.274972430125128
29 83 0.1640413978806359
41 57 0.05668652278605049
60 70 0.5147306307873419
33 53 0.08783898991977666
4 26 0.08333108216129936
44 62 0.1543523534467455
2 65 0.1478756588867725
33 89 0.14478658162934124
34 54 0.10260795207807749
37 59 0.11089948231980873
14 75 0.09212998077398529
15 40 0.018165896966928326
17 86 0.1960769053992712
9 82 0.03636973428237829
29 60 0.4828900535399093
8 37 0.2203632419692649
21 56 0.09041524683626535
48 73 0.023207226362777424
11 42 0.2428945357742516
10 46 0.042953032730924164
25 62 0.21451142360879522
44 75 0.02310198546670147
2 78 0.07469998803471342
22 56 0.11111161757826844
14 52 0.1473153572498296
15 17 0.180408703355073
7 13 0.03317693553034316
36 76 0.353166259500588
28 72 0.39018348225143556
47 85 0.12367342565708243
48 50 0.17926262776239185
0 10 0.09887411233717121
19 23 0.35168135737964884
5 88 0.09564451278771849
11 19 0.37212642358700937
30 32 0.16490768016107432
29 73 0.059646026379714286
21 69 0.0762264055664613
33 43 0.14558980874869135
6 89 0.1140231483048675
25 39 0.272461820289886
10 59 0.032116259238044724
2 55 0.1690482055812755
14 29 0.04773604153239235
85 89 0.12754188883723666
37 49 0.11169701168363862
36 53 0.5092645616476476
7 26 0.020110529753846904
47 62 0.1895144316885477
67 77 0.009233871972327227
18 35 0.11692685858271347
70 82 0.02447456359940845
17 76 0.17154992244907843
9 72 0.4743072227541991
28 85 0.22696240475670962
29 50 0.1857184305521247
10 36 0.3270429665509353
62 83 0.25054617455487393
20 86 0.10820690181415409
3 33 0.12720174400476014
43 69 0.011771495871976121
22 46 0.11180618514823042
14 42 0.06258260488646215
1 72 0.47582816597182004
17 53 0.24093117859860438
36 66 0.8940480016910036
9 49 0.08335481163722987
55 79 0.02748708983561751
28 62 0.09821556351975157
6 43 0.1037497599401534
58 90 0.1419056847177147
9 85 0.1624329997018174
29 63 0.14517534730892204
42 82 0.047526654603065835
31 72 0.5327022007748278
22 23 0.029679072244523517
14 19 0.3265007636668206
13 60 0.5079151990756674
43 82 0.03258906122551122
16 65 0.04444012457751421
35 78 0.23712577057953857
47 52 0.1034376570024912
59 63 0.07568998981442407
5 55 0.043783229226402307
17 66 0.5141362990262535
58 67 0.07247046747179299
77 80 0.04038611566466047
48 53 0.22053607388670587
21 36 0.3697595535998475
80 85 0.12557316906815882
54 69 0.03903820546173435
73 82 0.00378465031366144
25 42 0.24459096986188966
20 76 0.1602638083149915
39 89 0.03505855784445193
4 68 0.6969707715196682
23 81 0.04526040027514571
3 23 0.11115988091914397
43 59 0.04093687635412465
65 83 0.11633283963957554
16 78 0.22387169637711
57 79 0.0335141309364328
36 56 0.2814043023416767
68 88 0.6576101177837783
28 52 0.08389069112992409
47 65 0.07685409712751562
42 72 0.5012451606783813
8 79 0.09602382689637776
20 53 0.3163621104620511
54 82 0.044577138839666595
20 89 0.108206432587229
4 81 0.13630782984446355
24 59 0.19715985879844605
43 72 0.49370647152189184
35 68 0.6477751884644359
28 29 0.18466868054394114
5 45 0.05286641232332905
46 83 0.1780802652874969
49 88 0.08342948575075135
50 53 0.05500745009464417
29 30 0.17927263793679576
27 69 0.045686726452880154
6 46 0.10976583006857525
30 74 0.230358110637676
2 12 0.1705459555823088
83 86 0.18299678032124836
62 63 0.047649904875413
54 59 0.02841153391063884
20 66 0.7301233295940415
51 53 0.21186214604509288
24 36 0.11482009672107568
43 49 0.05253142898702951
1 52 0.047941898087710336
34 86 0.05580133736376913
13 63 0.05668279131478834
16 68 0.6295560677577082
9 29 0.06154963532688858
28 42 0.1710230699886591
15 72 0.48082885137829273
18 77 0.08820981325550421
58 70 0.1008146561465989
8 69 0.1202649165843006
27 82 0.015798378999726612
0 65 0.1839550087348826
39 56 0.01535397641330311
12 39 0.05630318673231819
31 52 0.5778530700791529
23 48 0.08125321127176915
16 45 0.10511188101567069
56 81 0.1145979512882122
35 58 0.04670327307007242
1 65 0.12563155430413486
14 84 0.19576042301030738
46 73 0.04084839356251938
5 35 0.03654236510256572
65 86 0.07796495835666896
57 82 0.0471734161049629
49 78 0.24408485276273542
19 55 0.26767617487998135
30 64 0.19401773655433027
42 75 0.032622130551666746
41 79 0.08396275097914808
20 56 0.08850185115608014
11 87 0.18390665601744974
52 88 0.18969553093752778
4 48 0.06968949355109033
16 22 0.042494218174655846
1 42 0.05756589873211531
53 89 0.20970593660319678
37 81 0.1311302905754766
15 62 0.14621338898811548
26 71 0.28922884007215804
19 32 0.42508008977428285
79 83 0.20267524145356214
71 79 0.2975289728075172
50 56 0.183982290928961
42 52 0.0871388810032697
8 59 0.12662718680694754
20 33 0.2419136727475123
12 29 0.054088681431003566
31 42 0.6529230770605791
4 25 0.28574856162396295
23 38 0.058948911577872694
53 66 0.49058564324252324
13 30 0.19911691492681244
4 61 0.05276825451940939
45 62 0.17114562759268825
37 58 0.0780041499769911
16 35 0.1127694856814845
22 78 0.18388471407266294
67 86 0.038430668314323485
49 68 0.6113784177735112
15 75 0.031219857057837683
7 71 0.28535427694197646
27 49 0.05261682828741218
0 32 0.2745250781123179
18 80 0.1273337755238499
30 54 0.1474939539552087
63 88 0.15511252340967532
0 68 0.6165070233774441
41 69 0.10718076956120463
60 82 0.4948980844704549
33 65 0.19351222274693702
4 38 0.037501397905214576
44 74 0.028278876755648844
2 77 0.2113797584218691
1 32 0.21620162368157
34 66 0.7038830203869041
37 71 0.18263232506521965
3 78 0.26632265629809204
55 88 0.10725781215349124
26 61 0.12445906793880791
19 22 0.36984408147879744
11 18 0.21285098592956025
63 65 0.11918252178860808
48 85 0.10684585325732299
8 49 0.1552300535823631
20 23 0.10395751574731149
6 88 0.08715805227478417
52 55 0.08838193016048787
23 28 0.15826894590293947
41 82 0.09671285311979477
1 9 0.010408659784001437
33 78 0.37563306811957203
25 74 0.19647172634060078
45 52 0.10915310908084805
64 65 0.0958264387698523
2 90 0.005449824950426732
3 55 0.042839949041955906
14 64 0.14276626924263308
67 76 0.02611701424651148
59 72 0.45378580662286994
18 34 0.1866460921832044
78 85 0.2380054369994144
28 84 0.11462673053962315
7 61 0.14182826227506015
8 26 0.12220876732634373
11 31 0.5997511533206795
63 78 0.3172664671558467
21 81 0.18944322091661686
25 51 0.2468268808486483
44 64 0.0842177199526349
2 67 0.2039356296628727
22 45 0.10152978032471172
14 41 0.16734710156852498
34 56 0.03391759905966923
37 61 0.03612249638108732
7 38 0.07107596973843835
67 89 0.03904772406507372
59 85 0.11171991442641525
29 62 0.17828297131917453
48 75 0.04617878908841832
0 35 0.11816320449814333
6 78 0.13559876092809944
10 48 0.035291070957947986
10 84 0.10994118687375658
2 80 0.17164790149988382
14 54 0.09702055426201601
15 19 0.24706777301437954
18 24 0.29444827460232154
59 62 0.10879761382467644
36 78 0.06209210634067455
28 74 0.1288052488170733
47 87 0.08565755394461759
48 52 0.09284733936602747
63 68 0.5522537695400893
21 71 0.3484159401749075
62 72 0.3449881927981935
81 85 0.007469578733652606
41 49 0.14199077120014716
73 81 0.1269516013653609
44 54 0.05808229413534491
10 61 0.13508535963953547
2 57 0.22710898231048016
14 31 0.7066320645325553
16 77 0.1529637545661644
35 90 0.1641264843630685
15 32 0.1801991153284929
28 51 0.11927775251028017
7 28 0.07955588341855942
18 37 0.21300413266028312
17 78 0.3472626250810951
29 52 0.10087581205584732
21 48 0.084966740190057
6 68 0.7252179195975192
10 38 0.08190995021390603
25 54 0.2767353156830273
32 62 0.23772662682930046
51 75 0.15975547914604715
24 58 0.15780628815471248
3 35 0.03556092112820473
14 44 0.08575425937948312
47 77 0.061650675524777224
50 88 0.2743855836507036
10 15 0.027570835669692383
54 58 0.08591326027470104
33 35 0.14101296932049126
20 65 0.09784107574517982
25 31 0.47941102636351457
31 74 0.6221743461797611
10 51 0.1124271064350786
22 25 0.34933984799058576
24 71 0.09230285737970499
43 84 0.1371943782592418
17 32 0.25106598861141566
35 80 0.01512459147930826
6 22 0.08546606467086577
58 69 0.049811231125207266
77 82 0.030835247388165607
29 42 0.01484656335406981
21 38 0.13145142054541378
39 55 0.02702961592770686
30 86 0.18715178474371214
2 24 0.017748173282822164
62 75 0.1750324799994816
54 71 0.26641120612211533
73 84 0.10785962920124281
13 39 0.09422682183777636
31 87 0.6179476394143013
32 52 0.2456401389224517
51 65 0.12495535361667262
24 48 0.18690387651824236
43 61 0.0985225719936546
16 44 0.13842417734185838
46 72 0.49686262588548424
65 85 0.058942185991945166
16 80 0.123496460073872
36 58 0.27329369259581116
49 77 0.0759911888121107
9 41 0.0611974246591932
68 90 0.7844139126677075
15 84 0.12364089259026999
6 35 0.10842801941661016
58 82 0.08291195079641768
0 77 0.07392784161312169
39 68 0.6740899483437015
12 51 0.1158033729148589
11 86 0.24521944346781924
31 64 0.577464259711293
23 60 0.4028251706282268
12 87 0.02629981165007781
13 52 0.06384891429268563
32 65 0.10397179365232043
35 70 0.05623454553640624
28 31 0.5497781953152607
5 47 0.0712193744244289
46 85 0.11735852500973917
58 59 0.0916129373907161
42 51 0.1488491930358234
61 64 0.17379521797434047
39 45 0.010660612298683491
11 63 0.15768697045088115
30 76 0.23492851495375916
31 41 0.5883166517575399
10 18 0.09325601367371944
0 90 0.27896662377709125
12 64 0.06105504780361018
43 51 0.1339115996582688
1 54 0.08971024455325294
65 75 0.10313840194492323
17 35 0.1850165564486134
28 44 0.15027032498321663
68 80 0.6559754652412892
7 70 0.04262658485583503
6 25 0.34936172290295486
18 79 0.11071764571423204
42 64 0.09410086792457469
61 77 0.13406128304740092
27 84 0.09461485016076046
0 67 0.08313355996993815
60 81 0.39559972396050264
11 76 0.23489678627596125
12 41 0.12881943734552512
34 65 0.10291851327012845
45 74 0.07548609954336395
24 51 0.26438671538135905
37 70 0.1425394985729356
56 83 0.16348080576988225
46 75 0.0342328748651112
5 37 0.10552281208143138
57 84 0.11303274433064943
7 83 0.17592128517232847
8 48 0.12900525120789622
0 44 0.09131683285678865
19 57 0.2184385401545968
20 22 0.09449667200803315
30 66 0.6742132656484662
23 27 0.10722098901193433
2 4 0.1272834788662985
0 80 0.11239553416625579
53 55 0.2161599742059255
4 50 0.21576767815233616
23 63 0.13777282333729157
24 28 0.2724626023347614
16 24 0.17644313254554594
35 37 0.10023873595628947
22 67 0.1422683971308783
5 14 0.09461826881407252
57 61 0.1523093841027928
49 57 0.09443985086180784
68 70 0.6276994261913305
15 64 0.07607875549400492
26 73 0.015678636757248687
71 81 0.24575290979346956
82 90 0.1908643081757317
29 84 0.1581660734856287
8 61 0.21477539727041745
60 71 0.41814965277766125
11 66 0.5997511533206795
12 31 0.6357725871597388
52 67 0.05331249072019962
31 44 0.638750368259346
4 27 0.10134881514056747
23 40 0.09356125696061832
1 21 0.025717054153144257
53 68 0.49058564324252324
25 86 0.24431352268427287
45 64 0.10101099409857765
64 77 0.06373576357129951
37 60 0.4195923021311949
56 73 0.06491278579690314
14 76 0.11885766034740884
67 88 0.13693335402400625
59 84 0.11007978756979882
38 61 0.07256017919105945
15 77 0.02383040440769428
0 34 0.1744019954210155
19 47 0.2816473172006414
30 56 0.18107741875587152
41 71 0.3791708156940317
33 67 0.10584461237554732
44 76 0.034191426486720355
2 79 0.19420444418227317
45 77 0.06510114689115373
14 89 0.0668002846196463
15 54 0.051616458827068945
7 50 0.180715935270369
8 15 0.10201131887064233
26 63 0.09073266767907956
47 86 0.028546715953369117
0 11 0.25905357152632696
18 59 0.10393765180747881
63 67 0.09760425021279999
29 74 0.0670298036184769
21 70 0.06756134834814803
41 48 0.11605262178868628
20 25 0.34354500718531644
60 61 0.44382373915094325
6 90 0.06259947471162931
44 53 0.1902897286337798
23 30 0.09424849565289183
22 34 0.10082082312904421
41 84 0.07731002928981495
74 81 0.16524889751223698
25 76 0.18920509942415792
37 50 0.2710955878927387
3 57 0.05297475905476692
22 70 0.14126961410442498
14 66 0.7066320645325553
15 31 0.6321596068682758
7 27 0.027532761256334973
26 40 0.0354450891101033
67 78 0.27199453730482515
59 74 0.05864990230583692
17 77 0.16868993965183132
28 86 0.17074562281104233
8 28 0.11247186174608498
48 64 0.06665113748985717
40 60 0.4869633231008347
71 84 0.3908453380014706
63 80 0.13535038347570455
29 87 0.07442609357524438
41 61 0.20149176177170242
33 57 0.11088891354192251
3 34 0.10571568669181941
22 47 0.11766595802228884
66 90 0.7844139126677075
36 67 0.3303714165726255
55 80 0.007993839273913783
15 44 0.00858578021209727
7 40 0.054438568308212344
18 49 0.13063501038387998
5 79 0.0402047035977304
48 77 0.04942253247804436
40 73 0.03903938970111696
6 80 0.11099795294167857
14 20 0.04579619039128272
25 66 0.47941102636351457
66 67 0.6155101172586912
37 40 0.10333467286448403
32 74 0.21179413048508117
43 83 0.1685961166109347
3 47 0.06954832327902921
35 79 0.028474544383448652
15 21 0.058042588599819
1 86 0.0572884515544985
26 30 0.17685115887319838
67 68 0.6152331169638605
59 64 0.038662980330565894
70 73 0.022080992365789642
17 67 0.1655706531180743
36 80 0.29808368840963656
8 18 0.07145657980717673
21 37 0.17632473095142562
0 14 0.1760394856691952
62 74 0.1433127398573527
81 87 0.08980732983848644
41 51 0.13243371359706785
25 43 0.2544323119492099
39 90 0.13706735182735388
14 33 0.20096095439862802
74 84 0.11511110679124414
16 79 0.13900154990122202
36 57 0.35354476922023276
55 70 0.06350003290174511
47 66 0.6766283989765041
58 81 0.1306146995612616
9 76 0.012230533869637359
29 54 0.06346388008436699
21 50 0.10255113093185221
2 36 0.12919327714005735
32 64 0.19537188077211942
43 73 0.03078604559343965
3 37 0.12716639557639664
16 56 0.11469371826922742
35 69 0.006383541843255189
13 87 0.05406707464830602
17 57 0.1761667578866152
9 53 0.1688062855851365
6 47 0.09960950264962386
50 90 0.33377952345090045
10 17 0.1624914519702112
42 86 0.005311224254384449
2 13 0.21428067568230333
20 67 0.13746896538702894
2 49 0.18535755035838303
35 46 0.005148424855486484
14 23 0.09476393025813179
65 74 0.12121662050926087
35 82 0.03807859171146386
36 47 0.28669217697049876
76 83 0.23544102247675172
9 66 0.6240954505880029
50 67 0.13794645964374724
77 84 0.10849082879216629
42 63 0.1311278774084328
61 76 0.14930358345251132
8 70 0.11159985936598718
19 79 0.24511424726002218
39 57 0.08702186474578563
30 88 0.09135423694596725
10 30 0.20382489210853036
54 73 0.04678793501385837
13 41 0.08612787573262239
31 89 0.6542470566903212
23 85 0.048237444018155495
51 67 0.11562672014959849
43 63 0.11619028403087817
35 59 0.046535781401922674
1 66 0.6255784311129627
46 74 0.05321395306591193
5 36 0.30542965936471367
38 70 0.08901004626018877
57 83 0.23532965928650912
17 47 0.2121470785093732
49 79 0.06326720697029892
9 43 0.0577453668589268
27 60 0.500566211661786
58 84 0.17911470956026393
30 65 0.1119320943731535
50 80 0.1672084338400649
42 76 0.058681184100848924
2 3 0.21459487896905932
61 89 0.09724620772474883
0 79 0.09073946029742502
12 53 0.23490375764742122
4 49 0.10969363615451547
24 27 0.2181244485885372
35 36 0.2936735586047114
1 43 0.06740724081943555
34 77 0.08890529693517724
13 54 0.056063255364576466
4 85 0.13874651389531742
45 86 0.027566500906669303
16 59 0.10973153181475852
36 37 0.20548517337879008
9 20 0.14956018354816664
68 69 0.6433976587587402
28 33 0.10440337070278904
61 66 0.744794737240184
21 30 0.25429730865959405
20 34 0.0585049111859565
39 47 0.020644912189208373
30 78 0.2685652928707783
23 39 0.08361038390247762
54 63 0.08695067631799414
20 70 0.14577282959365048
53 67 0.18109053476563725
23 75 0.12402346894326624
24 40 0.18321825542993306
16 36 0.2793667849677121
56 72 0.5205811755318713
35 49 0.058130334034827556
22 79 0.135556664569669
5 26 0.011785103452806325
65 77 0.10853477971415815
57 73 0.04430840587637456
49 69 0.0547819530408865
15 76 0.039496394382102416
7 72 0.44981277287081844
27 50 0.15563533158088236
18 81 0.2117558102861914
30 55 0.18085143013104946
50 70 0.1611283924408435
42 66 0.6525759161683646
8 73 0.10677441904399929
60 83 0.34018335377263487
12 43 0.02568646502645042
1 33 0.11623430198528786
13 44 0.0679963887402072
64 89 0.09663420174947904
56 85 0.11701044800781324
9 10 0.03092006574092661
46 77 0.04284850684730563
18 58 0.15896863028079983
42 43 0.014937593377554615
15 89 0.022420645627201658
27 63 0.07539238822316384
0 46 0.11577510757865161
19 59 0.265656398752616
11 55 0.24080151555827986
12 20 0.10641975052098152
30 68 0.6742132656484662
41 83 0.2845120369554188
12 56 0.060269092703934615
25 75 0.2306980320287595
53 57 0.16498570589548991
44 88 0.12950922326967815
45 53 0.2369244722286368
13 21 0.056184628729222835
64 66 0.5779390056388783
4 52 0.1309250596560588
16 26 0.1121382190581431
1 46 0.057451653147903764
14 65 0.08739474374232824
34 80 0.04906502624933621
37 85 0.13417269092592202
78 86 0.24272063133812438
65 67 0.10128430761042498
57 63 0.10494336151711342
15 66 0.6321596068682758
26 75 0.05448528990347668
27 40 0.052741732026067106
19 36 0.5590687096806988
11 32 0.3002085266799637
63 79 0.12079201483025219
29 86 0.019108573859613776
21 82 0.0656009182547484
20 37 0.015583785885944557
60 73 0.49710888064464676
11 68 0.5997511533206795
10 72 0.4664532801364064
1 23 0.14826355314492093
25 88 0.34827430067592124
45 66 0.6650696863430274
64 79 0.08380424165499459
37 62 0.2115423567235135
14 78 0.18021658844542082
15 43 0.029121340183599544
7 39 0.07656668446377357
26 52 0.0849744489181135
7 75 0.07127822888733001
48 76 0.06638387923975851
8 40 0.12008674441756816
19 49 0.2908182233884373
30 58 0.18527114557173224
4 6 0.06669414995799858
60 86 0.4924100645600397
33 69 0.13731126045189013
44 78 0.2615524730325787
37 39 0.07308363534230607
2 81 0.1904946467352473
15 20 0.12321954915559831
34 70 0.11760974016782448
26 29 0.05529714186059424
18 25 0.1540324077161909
3 82 0.02420406544911216
36 79 0.3206402310920258
8 17 0.18760418653200298
11 22 0.22299202995723424
29 76 0.07241811515342657
48 89 0.02993862176656563
21 72 0.46400474232012384
60 63 0.5313328625423186
52 59 0.09146566716862771
4 19 0.3101104660730499
44 55 0.026835936928304244
10 62 0.12781341481794048
22 36 0.239379802663265
1 13 0.06429780805110727
25 78 0.4806675266925885
66 79 0.6381729956999823
56 65 0.07029975668349513
3 59 0.041283523331135774
14 68 0.7066320645325553
15 33 0.12281547774060082
26 42 0.04116668582676609
18 38 0.16239175242068016
59 76 0.06322030662192028
9 75 0.034784395255311386
29 53 0.2285164173004861
8 30 0.298335819677433
0 26 0.11692440072739098
40 62 0.1581778041587583
11 35 0.23415909451716146
6 69 0.11237879840592438
21 85 0.19166418367418767
25 55 0.24582277991704293
10 75 0.055903584145179694
51 76 0.12160598948060261
2 71 0.11005103066252708
3 36 0.3228704443232648
22 49 0.0864445368747006
14 45 0.043145750932337135
13 86 0.07954676700972742
36 69 0.2994645338738824
28 65 0.2376548127656087
0 3 0.10604499461673816
9 88 0.15158735558563824
48 79 0.0342161614489191
21 62 0.13869324546723993
40 75 0.03324425842203675
33 36 0.43218085614474405
25 32 0.4032266948113445
10 52 0.06894652857541696
2 48 0.17595549404958805
14 22 0.08787701964485552
34 37 0.0956818945327578
37 42 0.10152021703309373
3 49 0.06747420620490042
35 81 0.11265861406230632
77 83 0.2195259400374911
28 78 0.40709962681935785
48 56 0.04755471884201942
80 88 0.11468542859354923
6 59 0.11999213933179625
10 29 0.061649446597116055
81 89 0.12532092607966597
54 72 0.46504649312644
73 85 0.12917256412293154
20 79 0.12773777990642937
31 88 0.6576101177837783
32 53 0.37328074416709045
3 26 0.03686510385053199
32 89 0.16512506629226828
36 59 0.31264726323954467
9 42 0.04790402477160655
6 36 0.19259508520546498
17 82 0.15350182378450955
50 79 0.1455523599712341
29 56 0.006198599402316616
39 69 0.03247430172609592
10 42 0.047525045825036666
2 38 0.13152339101808055
12 88 0.08258981534021242
16 58 0.12913607614346415
7 9 0.058520820213134025
13 89 0.08024897627532804
17 59 0.14366412379189425
10 19 0.24797617399738767
2 15 0.1895292235087605
62 66 0.5045829058620183
73 75 0.05406106407483588
25 35 0.2468648211971699
12 65 0.04687728922689611
31 78 0.8353298156954828
24 39 0.15296721790775508
3 16 0.13290515259203736
1 55 0.058797708787268456
16 71 0.2367961945249485
17 36 0.4027577136716974
36 49 0.3023786341765003
9 32 0.2065397497210612
76 85 0.17334804471464466
5 61 0.12916863155441588
77 86 0.04285020500189196
50 69 0.1697934496591569
69 82 0.03440899137102855
42 65 0.07373315712745084
61 78 0.15013534403774
21 42 0.07713520874397671
19 81 0.3751553504214606
30 90 0.22009222990376476
23 51 0.1230270767397174
4 74 0.09707905121868841
32 56 0.14542048486111941
23 87 0.06863212419140748
64 88 0.1315389648831686
24 52 0.2661365519619104
35 61 0.09876768720171268
1 68 0.6255784311129627
5 38 0.06312668467827735
38 72 0.5182725567158495
17 49 0.12884294338006272
49 81 0.0868333919308386
9 45 0.06998007908261217
6 39 0.08136888688089558
19 58 0.2945854005851706
42 78 0.23834256537308593
13 20 0.15185117283828542
32 33 0.29522138182190294
23 64 0.11659976272758472
24 29 0.16655723624447288
16 25 0.35278473332213867
5 15 0.032196295944996754
65 66 0.648101658683664
16 61 0.15470577069796268
28 35 0.17306675434506918
26 74 0.05423148282523314
5 51 0.10509872031762633
58 63 0.16686634506746967
50 59 0.17615571988180384
42 55 0.0020930202159717463
0 58 0.14403038892320574
20 36 0.19860923373790748
39 49 0.08377890340103493
11 67 0.22190681979999077
12 68 0.6357725871597388
13 33 0.10667885316023772
32 46 0.1608677480559761
45 65 0.0607179194299384
1 58 0.0829901552839476
46 66 0.6483743242154723
5 28 0.08919568136944543
38 62 0.17328436391765611
57 75 0.03929438101874303
49 71 0.26988446851057196
15 78 0.25763994720973626
7 74 0.06355768078112425
8 39 0.14904457018981232
26 87 0.03364479946302562
11 44 0.23833025375233477
8 75 0.1041755722026841
60 85 0.39549155598217905
52 81 0.1983202122961362
12 45 0.04690251576015932
31 58 0.687610319998239
34 69 0.06660631514643281
45 78 0.21853712249716292
37 74 0.15240696095909087
38 39 0.02759425232767277
14 90 0.1072173022289507
15 55 0.020730557275123265
26 64 0.0537056581952214
27 29 0.07296688721449356
38 75 0.08785141326122432
8 52 0.05234157083544622
20 26 0.1184958193556777
60 62 0.5459085702398625
11 57 0.23951362171349813
30 70 0.20942701471238678
23 31 0.6467770981063002
41 85 0.2228333642241059
1 12 0.08087081367188725
25 77 0.2026294583121482
13 23 0.11612179924394131
4 54 0.09159439175510194
44 90 0.18855318681610858
53 59 0.21649448831529988
64 68 0.5779390056388783
16 28 0.18176736108899966
3 58 0.08006651403385111
22 71 0.20035759560526525
14 67 0.09616059537299795
34 82 0.09970703481764322
46 56 0.024761953919011197
38 52 0.14000305891266934
8 29 0.13481933031709792
18 73 0.0961179404110852
19 38 0.32042780535975535
11 34 0.29351773057727304
0 61 0.20949103067146468
60 75 0.5175835081482938
12 35 0.03349799846786235
44 67 0.02498014443921963
4 31 0.6969707715196682
10 74 0.03660432540082872
25 90 0.4076682404761177
45 68 0.6650696863430274
3 71 0.3015268308983247
14 80 0.0637750892564574
15 45 0.04169688990807954
18 50 0.09065808294211535
9 87 0.0811281287799999
29 65 0.06849665167486636
40 74 0.05215821482839754
19 51 0.2605262737472115
11 47 0.26128961657792127
1 2 0.22559822802037732
33 71 0.4108372427198042
15 22 0.12833629002156535
26 31 0.6272570345774433
18 27 0.08653704161137885
59 65 0.06529140723724432
38 42 0.056658101040868186
15 58 0.05578390893511962
28 77 0.12797972224670762
47 90 0.15524359413077546
8 19 0.15455128331888215
48 55 0.025416927674143792
7 54 0.024150126696855824
0 15 0.09672695227168954
19 28 0.22599803170476954
11 24 0.34885603034244744
30 37 0.1716235463880531
63 71 0.3430660829036834
82 84 0.10586463272435497
29 78 0.2234960020190162
21 74 0.02901596522268782
60 65 0.4148786718822357
25 44 0.2200184495558152
10 64 0.057678781323829906
74 85 0.16746986026980767
25 80 0.24109715086528222
66 81 0.620999692432922
3 61 0.13091283741186496
14 70 0.11465432555165164
26 44 0.03185121305773624
67 82 0.021624032373082767
17 81 0.13281899359091867
28 90 0.33410034060288735
48 68 0.6402025138720792
21 51 0.12330693708437805
40 64 0.08804317066464769
6 71 0.16950386961390326
41 65 0.17637004486591448
54 84 0.12826965979818983
51 78 0.31196728639254195
2 73 0.1945958464702907
