75
28 67 0.182745116562785
29 32 0.08596957215963104
8 9 0.1236404092921567
29 68 0.03245632005909547
73 74 0.12125027345005732
44 47 0.3119416043154227
22 28 0.65145669927956
24 74 0.16886960695582517
55 61 0.23432986663079716
7 21 0.05743168164454363
18 30 0.1387459665961497
6 61 0.06947866687657836
54 74 0.10703330168945371
32 55 0.221137975964974
3 28 0.32123783950415463
9 44 0.18637750581098428
47 70 0.4648067481495323
5 73 0.14070761258662637
6 38 0.10471932748726175
21 54 0.08970059941443358
2 40 0.16969329385100684
13 55 0.36702467929871546
36 38 0.6140475406414139
7 11 0.5944061235347752
6 15 0.060477601457103666
58 62 0.04553721815913792
9 57 0.21875954966490604
29 35 0.04708610279300858
69 71 0.29258166276786857
61 67 0.19649286315817352
40 44 0.21767939402921518
27 74 0.1533578873167946
6 51 0.052396975504680005
62 68 0.006116300659956734
13 32 0.17761613868622814
4 63 0.37959591462017206
43 54 0.054073772000232403
16 37 0.7932272505057553
35 50 0.31542534191986765
1 57 0.05549216470383813
13 68 0.27453299146101484
16 73 0.591624958452213
57 74 0.05693343070776787
36 51 0.5262892367030829
9 34 0.5030909965877103
28 47 0.3247785370842437
42 67 0.19224135668341708
31 57 0.6356742709061101
23 53 0.08880035394571625
2 30 0.17689500951722797
1 34 0.5796246129214891
32 58 0.10868191589740508
9 11 0.5030909965877103
1 70 0.4628885167746382
5 40 0.15094631705877337
38 74 0.0948005515194297
30 69 0.028558977614084553
2 7 0.04981442608631925
13 22 0.39495759334774955
31 70 0.8424329292565541
23 66 0.13856173977596964
16 27 0.6247921866393826
46 55 0.28982987077379146
28 37 0.6570127281233374
27 41 0.11355740203566415
58 65 0.04133503068768304
42 57 0.04111746144273564
61 70 0.5453090061312844
19 73 0.1357387478123375
20 38 0.10581421928389896
60 74 0.08116394633993204
39 51 0.09957883853548757
12 34 0.36847085735629376
11 69 0.5520275543386008
31 47 0.3837981517083303
4 30 0.006854001807933441
23 43 0.09462049250234551
1 24 0.21153644919946665
34 58 0.615683552206671
13 35 0.3028096996487586
4 66 0.28988261332963666
24 44 0.10479881344630526
3 70 0.5956219312378972
49 73 0.07615960562262439
8 41 0.10889144723638186
27 54 0.06365187968167707
0 37 0.6076366656126423
11 46 0.38305017990272444
41 74 0.12764318723215357
33 70 0.5958538397101626
12 47 0.028771039404940912
23 56 0.20381390699636698
16 17 0.22748162036047226
22 60 0.5996345332851913
5 7 0.06810423457229382
49 50 0.2677956385230633
15 57 0.0548040306426807
7 53 0.008192958169199209
18 62 0.029086651256049322
71 74 0.11386145319485176
50 51 0.23208515734672303
63 70 0.6905910306991939
19 63 0.3146911139411375
20 28 0.14886772449809355
12 24 0.29249661973803065
31 37 0.21453845822940903
4 20 0.06135899257848232
23 33 0.0610966690669574
34 48 0.627047464281307
45 57 0.06532014210422354
64 70 1.0
16 30 0.6313519117787227
22 73 0.634750159802998
49 63 0.38207833753082365
7 66 0.21692293776730684
27 44 0.19864364802247905
0 27 0.10451183043312949
19 40 0.1444069843845814
33 60 0.1456761796606942
12 37 0.36847085735629376
25 56 0.0679861468179096
44 69 0.25272590447901383
2 72 0.3860119994028133
22 50 0.4196899819360467
34 61 0.5052385067495835
45 70 0.42894374522656287
15 47 0.24366524939860826
29 67 0.1436970685905775
8 44 0.1178167479495773
11 49 0.5920002095809551
12 14 0.36847085735629376
33 73 0.21586337306357783
45 47 0.2784834733954987
3 50 0.20340263414086673
22 63 0.2904600525252346
67 71 0.277409718314562
59 67 0.2619173491899055
7 56 0.14335178595076245
8 21 0.06322944306788413
0 17 0.417850194569422
40 53 0.1267452241317982
63 73 0.4435753141618032
60 67 0.1426603771871725
3 27 0.3329774492578656
34 51 0.5262892367030829
37 56 0.5670346721028046
3 63 0.13195820308741915
36 60 0.5996345332851913
55 73 0.1129140222410843
15 37 0.5758994404377024
47 69 0.1901366161199807
18 42 0.04307781739892072
5 72 0.3216235597573405
48 70 0.5064617073415304
21 53 0.0599203562598393
40 66 0.30064298782262233
2 39 0.03690217516155074
33 63 0.3346344983054159
25 59 0.32715939460278426
32 67 0.18268031714798413
3 40 0.2826933018392962
22 53 0.5926450778766407
35 72 0.4146784467967282
14 49 0.5920002095809551
36 73 0.634750159802998
28 69 0.19840394972776057
8 11 0.519866255198652
40 43 0.12864976129652014
6 50 0.28280092046923694
62 67 0.13009985907367697
33 40 0.23273230801077055
25 36 0.6164843658015283
44 49 0.10386894680558484
51 57 0.09211281468960061
66 73 0.29327272421453415
13 67 0.2965883108107404
47 59 0.08545221879199899
5 62 0.08959432043548778
6 27 0.16293837660000848
9 69 0.3165758540411539
29 47 0.2625649464042849
21 43 0.06574049481646856
40 56 0.030991386887585362
6 63 0.34908124502003346
2 29 0.0443292498951723
51 70 0.5250058510497625
35 62 0.06498503088863067
1 69 0.129312789305695
6 40 0.15941335789823238
31 69 0.5677627972270022
32 34 0.5161533380406353
23 65 0.09773557799961625
2 42 0.06752580304262526
3 7 0.26201191862682005
16 62 0.5449466553454578
28 36 0.6570127281233374
47 49 0.2678797884522383
6 17 0.36945460773704025
9 59 0.23779817344044635
50 60 0.27564003935001513
69 73 0.16230650788064577
19 72 0.31453874104461904
54 66 0.26248054839159257
20 73 0.106547206845041
12 69 0.21631344618123308
4 65 0.20335797910769612
32 47 0.18785990406213438
43 56 0.15227272039404788
16 39 0.5030980421596104
35 52 0.175877966328418
49 72 0.38660888834619217
28 49 0.07080353209404369
6 30 0.1646317946912409
42 69 0.2079001898483927
0 72 0.39825338287925005
20 50 0.22182700312679496
39 63 0.3998980277509201
12 46 0.028771039404940912
31 59 0.3224152934954535
4 42 0.18002765932754577
23 55 0.23358382987662848
1 36 0.5796246129214891
13 47 0.20393224283426878
5 42 0.11925518580140619
6 7 0.055581623620289705
42 46 0.3232438924442841
21 23 0.047908251570381054
0 49 0.01583844563172805
20 27 0.0767937070936455
39 40 0.14281279970039445
30 71 0.26744971086610236
31 36 0.21453845822940903
2 9 0.18089381812094293
20 63 0.4279748302401698
12 59 0.05722567309151707
13 24 0.2252911421333486
53 60 0.013840529830976231
4 55 0.11265705733353978
32 37 0.5161533380406353
24 33 0.04904839380063105
43 46 0.2710928669389664
35 42 0.029602218422354543
1 49 0.02674320473196486
46 57 0.29299531722513816
5 19 0.010093178680714673
65 70 0.49979977179293356
7 65 0.07078651356473535
27 43 0.11776400539373255
6 20 0.17249296596398325
19 39 0.09603819057210192
30 48 0.17778086614192365
50 63 0.2942106287612252
0 62 0.02383998255873637
39 53 0.024993918232565686
31 49 0.611990928280394
3 72 0.12048503503162543
15 46 0.24366524939860826
5 32 0.025077621611408623
18 51 0.08859677661116228
46 70 0.4648067481495323
38 66 0.2652531297844456
8 43 0.107693898480156
19 52 0.15633518722838263
11 48 0.627047464281307
12 13 0.17645242852180482
30 61 0.18524088636668432
12 49 0.28805121118590726
13 14 0.39495759334774955
4 45 0.12854487158527297
45 46 0.2784834733954987
5 9 0.16698228678722563
38 43 0.05871670464908013
7 55 0.1489133718653344
27 33 0.2460882811151433
30 38 0.1277773507984791
63 72 0.04161893746524039
41 53 0.046022816836515386
20 30 0.05746745528778356
60 66 0.22694645459627552
11 61 0.5052385067495835
31 39 0.6356742709061101
23 35 0.09269273472037486
45 59 0.32885931248217826
37 55 0.638803794864105
3 62 0.2705442550481149
15 36 0.5758994404377024
38 56 0.13018693638835943
7 68 0.02891348896075481
40 65 0.18041888703482287
19 42 0.1246780434129286
11 38 0.6140475406414139
6 72 0.35361179583540203
30 51 0.16268959844854525
41 66 0.2248702436373646
33 62 0.1655390857318585
25 58 0.1441246157248332
4 35 0.18112919976245503
2 74 0.06284357396458745
22 52 0.5626310904317506
14 48 0.627047464281307
34 63 0.2904600525252346
7 45 0.05024509907289699
18 54 0.04934872370705443
29 69 0.15935590175555306
41 43 0.05184295539314463
4 12 0.21035368622089057
2 51 0.08621319017392787
25 71 0.2638479847406804
37 45 0.609884550365742
3 52 0.2873659052768503
22 65 0.6472269249209467
55 62 0.11577834491875089
15 26 0.4222940650037364
67 73 0.1466476747156702
29 46 0.2625649464042849
8 23 0.052925343780494113
0 19 0.08684064300667695
40 55 0.08240669591306714
6 62 0.08226652872561531
41 56 0.11741311606641944
25 48 0.16471634155404377
14 38 0.6140475406414139
15 39 0.0548040306426807
28 58 0.0571020282663383
47 71 0.31916252164590697
48 72 0.4073166676449426
21 55 0.17739504665533048
2 41 0.0857900093095821
3 6 0.2361346246047348
14 15 0.571037598892912
25 61 0.21023217491396334
32 69 0.19476724382635469
24 65 0.17046180697187127
35 74 0.03794506865289607
15 16 0.5245459538248103
29 36 0.594799137443379
21 32 0.04495134412394093
40 45 0.10427803652613014
0 9 0.24085242885919833
6 52 0.1713415607420336
62 69 0.1457586922386525
25 38 0.08815111938012067
20 72 0.416501662184376
44 51 0.1276982617730638
51 59 0.25394915468766444
2 54 0.0990128607984032
22 32 0.5095007800490041
13 69 0.3052365518514646
16 74 0.4938702780217405
6 29 0.050096447429142744
29 49 0.009922745304113922
21 45 0.08772833544940299
40 58 0.14286365682150534
6 65 0.08335234066550784
2 31 0.6271883261026082
32 59 0.23716069803358575
51 72 0.31408375587331505
16 51 0.4719502634225216
36 65 0.6472269249209467
9 48 0.20425693454212185
21 22 0.5453952895787109
2 8 0.09382588099542817
20 62 0.10020777986934234
25 28 0.13065363110169473
12 58 0.31302022183330436
31 71 0.6618414753268785
23 67 0.2000895283798364
3 9 0.15938383595963648
43 45 0.05073759447206412
35 41 0.08988586818538766
14 18 0.6024074123782654
1 48 0.0759455591636271
13 59 0.14990401896787034
32 72 0.29729529921923625
24 68 0.21163593069002992
28 38 0.05109096463455338
6 19 0.05743659369819241
9 61 0.12885929263549686
50 62 0.2624319736388438
61 71 0.13713451529913695
21 35 0.10097773187460886
8 65 0.13481285050789887
19 74 0.15076625804168928
20 39 0.14860559945338267
39 52 0.15643015359892523
2 21 0.07436819454193436
12 71 0.3391874262540732
13 36 0.39495759334774955
24 45 0.23195054723006564
16 41 0.5425063073993934
46 69 0.1901366161199807
38 65 0.07920215149934486
49 74 0.0938802112857856
9 38 0.27247568446614645
6 32 0.06802206931126012
30 60 0.13309293709698516
42 71 0.1547954816846637
0 74 0.08357760049950128
4 44 0.23155490363617484
1 38 0.04850484281353897
16 54 0.5652087277964629
49 51 0.07989812499965888
6 9 0.1766523838370016
50 52 0.19306539089552338
42 48 0.056797232856597844
27 68 0.08722298932402349
0 51 0.09154261953271679
11 60 0.5996345332851913
39 42 0.0355602417980736
31 38 0.6340382593408528
2 11 0.6129875790040566
1 15 0.01852211389186823
53 62 0.03763159032003914
24 35 0.17521444215220783
16 31 0.8081780533114605
56 67 0.032691503233793454
22 74 0.6664791486051526
1 51 0.09528490977921905
46 59 0.08545221879199899
65 72 0.42674259940818177
38 55 0.11575408235072826
9 28 0.27142579501960434
27 45 0.07017354880941494
19 41 0.06243805664669577
30 50 0.1657220721344506
42 61 0.15753804497188542
8 68 0.12840946760135932
12 38 0.3070338673198739
52 74 0.2096346409534385
31 51 0.546279955402522
4 34 0.540185932642447
23 47 0.23196706959233876
45 71 0.1834026867345724
3 74 0.3335432781448393
38 68 0.028343690737499205
8 45 0.14642926198676295
27 58 0.12758052133560424
19 54 0.10488752811220402
11 50 0.4196899819360467
12 15 0.2670886004978639
30 63 0.37846966506690843
23 24 0.11110251639546755
13 16 0.46885596732402673
25 70 0.40107860759454084
45 48 0.08367445230477774
56 57 0.16848780642221736
14 60 0.5996345332851913
67 72 0.3767461792533411
38 45 0.005946413067094732
49 54 0.04536415509725046
15 61 0.10075286897424364
27 35 0.12408527265594192
18 66 0.22602353429404828
19 31 0.5438808885537887
30 40 0.034742161590389994
63 74 0.4417828611303387
0 54 0.044102055009741487
41 55 0.14243114801689719
20 32 0.18314582106043495
33 51 0.07296245409772692
23 37 0.5601093710919092
2 63 0.3814814485874447
22 41 0.5566176451981966
34 52 0.5626310904317506
45 61 0.13959907619652037
37 57 0.615683552206671
14 73 0.634750159802998
15 38 0.04828171649779703
55 74 0.2005867869825418
7 34 0.5944061235347752
29 58 0.027864194914655045
48 71 0.10106768695809563
0 31 0.6218374127111939
40 67 0.045873470558911805
19 44 0.13066330635888165
11 40 0.5629581141246689
22 54 0.5969914018718296
18 20 0.1277265929107753
36 74 0.6664791486051526
15 51 0.07685438832205387
28 70 0.4702516355774189
18 56 0.14992500683346044
19 21 0.016776052478198043
41 45 0.06424504737229192
33 41 0.15031310868841574
44 50 0.3424192102380297
14 27 0.6334790790921508
25 73 0.0883331134486422
66 74 0.23582516522486302
45 51 0.11570059554433068
37 47 0.38305017990272444
3 54 0.2849689719463684
15 28 0.08460074654284452
47 60 0.2745040153061577
7 24 0.1864559002025503
59 71 0.37377334484506997
29 48 0.0478521350786968
48 61 0.12409465021290779
0 21 0.07351374529056853
41 58 0.07117922977311818
33 54 0.18580115818286366
25 50 0.2494557667832343
51 71 0.13457330106329096
22 44 0.6302731950274335
28 60 0.057566390994608
47 73 0.2971365257679635
40 70 0.3861533573911496
25 27 0.051172137561516645
3 8 0.18151943513566182
32 71 0.14246325002407656
24 67 0.2960860905376829
16 63 0.5231510298219709
36 41 0.5566176451981966
15 18 0.03769078304734182
47 50 0.04517779475881889
18 23 0.08797443429887601
59 61 0.237161094967214
9 60 0.2334515517450369
29 38 0.057421857537246115
21 34 0.5453952895787109
40 47 0.2163158773997056
2 20 0.17206244182751612
62 71 0.1726505486143717
54 67 0.12452973908609902
33 44 0.07764081307288993
25 40 0.05884258222591742
20 74 0.193668978093878
32 48 0.12386006243865201
51 61 0.025317716839755356
2 56 0.18807404975453873
3 21 0.2080290940441448
35 53 0.04444173096205843
14 30 0.536056086324728
13 71 0.3099661152646632
36 54 0.5969914018718296
55 67 0.11344794758769294
5 66 0.15906812487512095
6 31 0.5946663631447521
9 73 0.30113617785563856
50 74 0.35680398568994726
42 70 0.48011037533398837
21 47 0.2168419633071576
31 60 0.6196252519846304
32 61 0.013813290260742224
24 57 0.17419303269348785
1 73 0.0761755325844552
5 43 0.07702516901557928
6 8 0.06360027831001337
9 50 0.27522623604263496
28 63 0.4402473730064193
27 67 0.1327699323570519
30 72 0.36699649701111453
2 10 0.3552928593674575
54 57 0.07023978710861785
31 73 0.6547408785024371
4 56 0.03863697358352126
3 11 0.3493896128324276
1 50 0.24330364286333417
13 61 0.17335386538680717
24 70 0.6449022335107938
57 67 0.16632784246776022
28 40 0.1524932170245031
6 21 0.04605878894656941
58 68 0.04113150296983258
42 60 0.05603174635464838
0 63 0.39372283206388153
20 41 0.10847779277911243
39 54 0.06579929061014303
2 23 0.05287820791214747
12 73 0.3173510158002902
32 51 0.01678845665407874
24 47 0.27791466750631355
16 43 0.5180134186390006
35 56 0.18582338646604182
9 40 0.3095623841480982
19 53 0.0750245242961337
20 54 0.09384910161267679
31 63 0.3236079301980306
23 59 0.2812678635637901
34 74 0.6664791486051526
5 10 0.3826313156915852
38 44 0.14008631222511414
28 30 0.17161380759426317
15 60 0.03056949605753116
50 54 0.2569940325494506
42 50 0.323633681267159
61 63 0.2886271122636959
19 66 0.16188665133543603
39 44 0.07788190063530713
4 23 0.17762903902914398
23 36 0.5601093710919092
13 28 0.3222890686016918
64 73 0.6056631612300241
24 37 0.5799010771935182
16 33 0.39898780932479433
56 69 0.038142394282806184
15 73 0.07694220988728918
27 47 0.29245603327454905
0 30 0.13349929789883677
19 43 0.08084466285276296
30 52 0.028932889091832222
41 67 0.11579030254429987
44 72 0.41160052421039595
1 30 0.10252264717219764
45 73 0.03460690645658689
37 69 0.5520275543386008
15 50 0.2507039245770534
19 20 0.15748659245033222
8 47 0.19172395369908155
0 43 0.01601245141098245
19 56 0.1627877402881133
12 17 0.5409100388136587
52 53 0.14036257803032892
1 7 0.036272936127474835
45 50 0.2663520405340681
16 23 0.4670041230984458
56 59 0.28335216204537517
22 66 0.4932301729295928
15 27 0.10570099396645999
46 51 0.20358944102962995
38 47 0.27802709895649613
15 63 0.37438437454895324
7 59 0.3125477715823605
0 20 0.12247992421346235
11 29 0.5899372958985885
12 30 0.20729665226674152
52 66 0.3142603417211531
4 26 0.5235299525867743
22 43 0.5984652164332699
1 20 0.09848935495953431
34 54 0.5969914018718296
45 63 0.41323058177123007
3 66 0.15385370703509774
7 36 0.5944061235347752
18 45 0.046012546178886164
29 60 0.015575427486353792
21 56 0.14644494086507615
0 33 0.15149671515095153
33 66 0.12022400155439207
25 62 0.09119743612630883
14 52 0.5626310904317506
15 17 0.4222940650037364
7 13 0.26441525251205644
18 22 0.6075423442592454
28 72 0.44477792382178793
8 14 0.519866255198652
19 23 0.051602165530948596
6 53 0.051764610618282164
11 19 0.5233984683224391
63 66 0.22881363038324493
21 69 0.15734379557759368
41 47 0.2286516814629465
33 43 0.14043521688428634
52 56 0.013062788003256639
44 52 0.23123844830110676
4 16 0.625781841407848
3 20 0.3091112690796693
22 33 0.5683708003119696
34 44 0.6302731950274335
13 70 0.6230053402954165
3 56 0.29176948694790417
7 26 0.4068653044929959
47 62 0.26828585155386875
18 35 0.03971985813790595
9 72 0.23754532671929432
48 63 0.4027861168295741
21 46 0.2168419633071576
0 23 0.09488916695192133
40 59 0.2744587152558413
6 66 0.1687382219248969
33 56 0.2511130639143024
32 60 0.09801531697407768
22 46 0.38305017990272444
35 65 0.02234666863281123
14 42 0.6431872321535285
1 72 0.37932505703564084
36 66 0.4932301729295928
9 49 0.2278656040290352
29 63 0.3780337823264606
2 45 0.09567668327023494
3 10 0.43166130169520933
22 23 0.5652748172455556
14 19 0.5233984683224391
13 60 0.27315339901956415
24 69 0.30817301721605356
36 43 0.5984652164332699
55 56 0.08345653574290567
28 39 0.0571020282663383
47 52 0.21365716634143733
5 55 0.20027717875255951
48 53 0.04557646497162444
21 36 0.5453952895787109
6 56 0.17779411380176427
62 73 0.05221364178516332
54 69 0.1401885722510746
25 42 0.13437071606280737
4 68 0.12945816624701684
24 46 0.27791466750631355
43 59 0.3214687060256459
14 32 0.5095007800490041
1 62 0.025242894850843006
13 73 0.3234571946527285
36 56 0.5670346721028046
9 39 0.21875954966490604
28 52 0.16611057092303388
47 65 0.3245386899394143
6 33 0.09006012204815965
21 49 0.061257129486150065
39 66 0.21349119846815365
23 58 0.09167132526165489
2 35 0.037923584620270706
24 59 0.30948339435608996
43 72 0.3910922536765107
16 55 0.6598315026671705
35 68 0.06057931569932534
5 45 0.10755517017710628
50 53 0.2837561412454576
29 30 0.13256575962205566
6 46 0.25232331454663
19 65 0.13151403435748327
39 43 0.01970929275705781
30 74 0.21425688343691726
2 12 0.29966439757904234
62 63 0.39626588658623835
54 59 0.31568940201601603
12 62 0.2884572742875377
13 27 0.34650866855908075
4 58 0.16202696737299846
32 40 0.17180711427118783
23 71 0.10860520847375894
24 36 0.5799010771935182
43 49 0.017405093045459865
16 32 0.4688327467067779
13 63 0.14575100164960647
46 60 0.2745040153061577
65 73 0.10546293302295769
16 68 0.5405409401561524
57 69 0.1819866756327358
28 42 0.035055143756211694
15 72 0.3723185830977819
5 58 0.09061533296057957
50 66 0.2644370838616067
42 62 0.07772402028469766
0 65 0.06797920047941643
20 43 0.1343917039283975
11 74 0.6664791486051526
23 48 0.07755611735997656
1 29 0.03666595003607878
4 71 0.2687862856255991
45 72 0.41307820887471136
16 45 0.5618725502682945
1 65 0.09682317643853583
46 73 0.2971365257679635
5 35 0.10962612176544366
27 59 0.3462575088058485
19 55 0.19373784607836758
20 56 0.03340260982868195
13 17 0.41745231822387285
4 48 0.1824803618327874
23 61 0.04917471792780006
16 22 0.7932272505057553
1 42 0.07701941347797064
5 12 0.22498803369152776
38 46 0.27802709895649613
57 59 0.34064248570158245
49 55 0.13938364046982446
15 62 0.025029146092066863
7 58 0.029455501830037676
6 13 0.24415967984921277
50 56 0.19746897256657725
8 59 0.24102474767053292
27 72 0.4567681475449927
39 46 0.2902666466149028
12 29 0.28598829750354066
31 42 0.6631779508529675
1 19 0.07954420905343088
56 71 0.28376532033560903
16 35 0.5038957299021468
14 74 0.6664791486051526
49 68 0.02253357475498155
27 49 0.106245586904326
11 41 0.5566176451981966
30 54 0.1132044288068031
44 74 0.06867646401402205
22 55 0.638803794864105
1 32 0.10540091214355422
15 52 0.11587733024227885
7 48 0.04990889628982663
8 13 0.18355386883020625
11 18 0.6024074123782654
29 72 0.38256433314182914
0 45 0.04076587748157322
41 46 0.2286516814629465
12 19 0.22042195731643702
52 55 0.07753890036385416
31 32 0.5294914987484433
4 15 0.11868697531266337
23 28 0.14061512705125995
1 9 0.24736640739789006
34 43 0.5984652164332699
25 74 0.17600587819009972
45 52 0.11832517031057518
64 65 0.5095006808155975
56 61 0.20563295458091913
3 55 0.35349345999750037
22 68 0.5988267733518409
15 29 0.03156937186692224
59 72 0.18115296616344242
38 49 0.04744274765793033
8 26 0.3559153009131508
27 39 0.12758052133560424
0 22 0.6076366656126423
19 35 0.11504897937696604
41 59 0.27902752054962593
33 55 0.2798206435554376
52 68 0.11880868508640473
2 67 0.1880263184857498
3 32 0.17656490958869092
22 45 0.609884550365742
14 41 0.5566176451981966
34 56 0.5670346721028046
7 38 0.055715588719801194
29 62 0.03502482795035928
21 58 0.08196694306974475
0 35 0.04722979276641055
40 71 0.2619977282496124
4 5 0.15568888004829481
3 45 0.2895824818900272
15 19 0.0611136875962657
59 62 0.3250280098695562
18 24 0.1899437559933877
29 39 0.027864194914655045
48 52 0.1770623170415068
8 16 0.4410387594276079
0 12 0.288301378605069
19 25 0.1696401543615339
6 55 0.19654808654919442
63 68 0.39465111097008937
21 71 0.14697320990748317
33 45 0.18290215342943456
52 58 0.1564810107200361
44 54 0.1416726574701445
51 62 0.10004940335169762
2 57 0.03690217516155074
3 22 0.3493896128324276
14 31 0.21453845822940903
13 72 0.15028155246497513
36 55 0.638803794864105
55 68 0.12189464557870763
28 51 0.13806716047525458
7 28 0.06191241728957543
18 37 0.6075423442592454
9 74 0.23875696661932072
29 52 0.13729224679963575
21 48 0.09726332621548642
40 61 0.1847942864182758
6 68 0.08070330486442659
2 34 0.6129875790040566
25 54 0.07636660650972141
32 62 0.10941515154206483
24 58 0.17419303269348785
1 74 0.11242157645862068
36 68 0.5988267733518409
9 51 0.15072884704723302
21 61 0.058733822411795526
33 35 0.12654124986361603
25 31 0.6306851129000798
51 52 0.17436956892462188
23 70 0.5489056713529473
2 47 0.2848452775044862
3 12 0.15005152942744351
43 48 0.04029779350053931
14 21 0.5370696563442918
66 68 0.24068626251910052
13 62 0.2715954841456521
24 71 0.08960146524079503
28 41 0.10533690659600986
47 54 0.2698063058166208
5 57 0.09061533296057957
6 22 0.5804656160462004
29 42 0.05419657334145128
21 38 0.09189132572507488
61 74 0.16176290727685025
40 51 0.16174519411369268
39 55 0.16142189167353807
12 74 0.36381581823178655
13 39 0.2837989108438944
51 65 0.12747042187048716
24 48 0.1575528803662387
16 44 0.4297994845122206
35 57 0.019447812729492756
46 72 0.25189914134821384
5 34 0.5384623475954727
28 54 0.06390636375404542
5 70 0.5156446179794159
6 35 0.07528659972414105
42 74 0.0642208344209728
39 68 0.04113150296983258
2 37 0.6129875790040566
1 41 0.02017747597149877
35 70 0.4842907810725968
5 47 0.2101689136169718
6 12 0.2671424346211861
58 59 0.34064248570158245
50 55 0.27025915746967305
21 28 0.11873197766275852
8 58 0.11485135604683476
19 67 0.15815532638041233
31 41 0.5766083638976357
62 65 0.08298572284317803
13 29 0.2634561616329613
4 60 0.1377924327878489
51 55 0.21177222777460686
64 74 0.5079084807995515
23 73 0.17041556420418802
43 51 0.08438149032997735
16 34 0.7932272505057553
1 54 0.0376397770761204
5 24 0.13698596288878964
38 58 0.06902318553823926
9 31 0.5180417993934159
15 74 0.11173344239746323
27 48 0.14523464061604485
6 25 0.17245039483236077
50 68 0.26838726809586916
8 71 0.1293943095495831
0 67 0.1446306068673586
4 37 0.540185932642447
23 50 0.2624446755149457
1 31 0.593825360020041
4 73 0.14021586143801207
16 47 0.6153494829418518
8 48 0.11463338986825916
27 61 0.2037410696755955
19 57 0.09603819057210192
20 22 0.589713326098887
11 53 0.5926450778766407
12 18 0.29845841398321765
1 8 0.12457826422214426
12 54 0.28997772855028975
4 50 0.16335818352851478
16 24 0.352643525866155
56 60 0.1442532718370678
22 67 0.5458057685669544
38 48 0.08667730481868
57 61 0.12027307247417607
9 21 0.1847839165272396
68 70 0.4514738468122978
8 25 0.21609354495122002
18 69 0.1655361087296471
30 43 0.14311357615714954
42 54 0.07086297290486396
60 71 0.14381957223157527
11 66 0.4932301729295928
12 31 0.3553353312656729
31 44 0.6502639137268725
23 40 0.1854331510928351
1 21 0.06600192522733009
37 60 0.5996345332851913
3 67 0.27033164747351984
15 41 0.021616806923991125
38 61 0.14498427473006897
7 73 0.08437608210929337
48 74 0.039767440556584294
27 51 0.17984258902340583
0 34 0.6076366656126423
11 43 0.5984652164332699
22 57 0.615683552206671
34 68 0.5988267733518409
15 54 0.04529121854307197
8 15 0.10667948497663277
27 28 0.10793880652874445
18 59 0.32568399230683087
63 67 0.3824352800959665
29 74 0.08432815237369036
21 70 0.494073011872334
41 48 0.09116716993715994
20 25 0.03798451393219667
4 17 0.5235299525867743
1 11 0.5796246129214891
34 45 0.609884550365742
53 58 0.0251564129366028
45 54 0.013306406017553491
37 50 0.4196899819360467
22 70 0.8416849574509481
15 31 0.5901001875362543
7 27 0.11399105202445327
59 74 0.3984017368227833
18 36 0.6075423442592454
19 37 0.5296801414552369
33 57 0.12551984040489605
25 53 0.12896686164873425
3 34 0.3493896128324276
22 47 0.38305017990272444
14 43 0.5984652164332699
15 44 0.11770396918247003
7 40 0.12497103004723058
0 1 0.03322785979887472
21 60 0.06690981166838993
40 73 0.1105222490477686
25 30 0.09073034447934536
4 7 0.14280773879663514
34 35 0.634694341011535
66 67 0.29976253941861025
37 40 0.5629581141246689
3 47 0.171144086262013
7 17 0.4068653044929959
67 68 0.1358899795246749
18 26 0.41035316028383334
70 73 0.40979293808435757
8 18 0.11415379481200798
21 37 0.5453952895787109
40 50 0.19675508743629153
21 73 0.12055181911456703
62 74 0.09858412286326286
2 59 0.3341460714759378
3 24 0.23176597309296085
43 60 0.01002063906016437
55 70 0.39622143001988175
28 53 0.059505808701906464
7 30 0.13217274571345172
5 69 0.17891540168467554
6 34 0.5804656160462004
29 54 0.0552869004013644
40 63 0.40188036390676557
6 70 0.5277166596467298
13 51 0.19440459534030688
43 73 0.08486857750846051
16 56 0.6452085174216406
3 37 0.3493896128324276
5 46 0.2101689136169718
21 27 0.15011037483782166
2 13 0.27668164280706903
54 60 0.046573264545397106
33 37 0.5737205725192029
12 63 0.23605489056217369
32 41 0.08983818653330224
51 54 0.12031147580270275
3 14 0.3493896128324276
14 23 0.5652748172455556
66 70 0.6408112866886367
24 73 0.26453656535216963
65 74 0.02639906327633085
16 69 0.6570026063158196
36 47 0.38305017990272444
9 30 0.29817793075820326
55 60 0.14460932130154736
28 43 0.05515675578802413
5 59 0.25946970758842314
6 24 0.14006596937666982
29 44 0.09494032177325334
42 63 0.43716300024862936
21 40 0.1280641849615443
8 70 0.5512272865274817
31 53 0.6126357965760797
13 41 0.24178581828586893
32 54 0.12967722399306997
51 67 0.17618970807665157
43 63 0.3865617028611421
16 46 0.6153494829418518
1 66 0.23945224548578536
46 74 0.3437909136236203
5 36 0.5384623475954727
38 70 0.42407252612480684
27 60 0.10774336633356818
6 37 0.5804656160462004
30 65 0.19865848341683237
20 57 0.14860559945338267
39 70 0.48703294742619035
12 53 0.28869607948159287
31 66 0.5132208916290317
23 62 0.11930227205304941
24 27 0.2952593274068824
1 43 0.041278269178852973
13 54 0.2918575565966572
16 59 0.5741763019410597
68 69 0.1516062688323299
28 33 0.17769373921053763
58 61 0.12027307247417607
42 53 0.057971164061946856
27 73 0.06561828887569193
0 56 0.1446783381361475
19 69 0.17024225305878288
39 47 0.2902666466149028
23 39 0.09167132526165489
2 16 0.4575447481885314
54 63 0.4158431989119256
20 70 0.37680408194635195
12 66 0.23033011530971512
24 40 0.2817807018114014
1 56 0.11370168740950837
5 26 0.3826313156915852
49 69 0.1538047849654243
7 72 0.38217131923322517
27 50 0.2733150006229375
19 46 0.2013867074767361
30 55 0.10612665566598191
50 70 0.4345906718711942
42 66 0.24942401209297982
0 69 0.16028944003233417
39 60 0.023844944229088644
12 43 0.29451621803822214
1 33 0.16153060187095655
13 44 0.2983885536646576
15 53 0.034277153844974484
5 39 0.09061533296057957
18 58 0.022148400285534203
38 73 0.029249344426900522
42 43 0.05362211114806452
8 50 0.22220155962168847
27 63 0.4663017490433779
0 46 0.2724072134152848
20 24 0.29455407558300994
11 55 0.638803794864105
12 20 0.2597673581928563
30 68 0.12475867055615311
23 29 0.08713219075657683
1 10 0.43804607833792797
53 57 0.0251564129366028
13 21 0.20908032314168198
45 53 0.05468807640654794
24 30 0.2863048520720158
16 26 0.22748162036047226
22 69 0.5520275543386008
14 65 0.6472269249209467
5 16 0.4804849814455857
38 50 0.26558610748178696
49 59 0.3131993381330217
7 62 0.03331920415006014
8 27 0.20914026011953762
27 40 0.09193995009452723
18 71 0.14227416076695118
11 32 0.5095007800490041
30 45 0.12384537589440923
42 56 0.18823451017373136
0 59 0.3227830525019644
41 60 0.050785921141295313
60 73 0.07484793844829611
20 37 0.589713326098887
52 69 0.04620426512129821
23 42 0.12229495314272934
34 57 0.615683552206671
53 70 0.48302530704924823
45 66 0.259867931250897
37 62 0.5954709476090775
3 69 0.27897988851424416
15 43 0.037161422437457264
38 63 0.4186157803047786
27 53 0.11887611418649217
19 49 0.07636129752244447
11 45 0.609884550365742
4 6 0.1594665966211123
41 73 0.0960154661218885
25 65 0.16040747817001486
14 55 0.638803794864105
15 20 0.11339341883052134
34 70 0.8416849574509481
5 6 0.04401343957724979
18 25 0.1208736330536158
70 72 0.685917385310865
15 56 0.12232988330200943
8 17 0.3559153009131508
19 26 0.38600559884805896
30 35 0.17642970407159128
41 50 0.24053458425643132
33 46 0.24557827101963262
52 59 0.2789485803743213
44 55 0.23729525853353942
4 19 0.1482215661681163
45 56 0.13095286944064055
37 52 0.5626310904317506
56 65 0.20666394006341907
3 59 0.10540463339631842
14 68 0.5988267733518409
15 33 0.14310008041379138
7 29 0.005485176191146959
8 30 0.1926614613121443
40 62 0.09907503052791726
0 26 0.417850194569422
11 35 0.634694341011535
52 72 0.39621036549499644
44 68 0.11700486982983402
2 71 0.0931713870592591
14 45 0.609884550365742
36 69 0.5520275543386008
7 42 0.0536429501635441
0 3 0.279510886475345
11 12 0.3548236342022425
21 62 0.06943852696342846
33 36 0.5737205725192029
4 9 0.2980943266127674
2 48 0.023411889640741812
3 13 0.04909691893667633
22 26 0.7449527780466723
37 42 0.6431872321535285
24 72 0.3266573727965407
3 49 0.2648802602574719
36 46 0.38305017990272444
55 59 0.35101649492423603
15 23 0.08369916142313207
7 19 0.07075857936065205
67 70 0.36674781809305823
59 66 0.23295379697529633
29 43 0.008527920534681504
0 16 0.5201020833904958
40 52 0.01836368775751999
33 49 0.14286966044263158
25 45 0.08449923076743691
32 53 0.09102586156552706
2 61 0.10205292583994753
43 62 0.033811699549227275
3 26 0.43166130169520933
22 39 0.615683552206671
36 59 0.32166732168984763
9 42 0.24938317754598058
55 72 0.46533323099061236
28 55 0.16325994245553954
2 38 0.09858521443074034
32 66 0.13489605771970659
35 71 0.12492359647866284
28 32 0.14818316283958974
58 60 0.023844944229088644
9 55 0.35889324584188453
28 68 0.07485294973535195
21 29 0.05721257428178705
40 42 0.1557133410831316
2 15 0.06583575888723231
62 66 0.2429032360659054
54 62 0.01968086238593926
25 35 0.14673326352924704
12 65 0.34456359454758057
51 56 0.18082212198435255
3 16 0.48306495079536316
43 52 0.14377615761599277
1 55 0.12349875360359913
36 49 0.5920002095809551
47 58 0.29299531722513816
5 61 0.038860099899263194
6 26 0.36945460773704025
58 73 0.09269610865621446
50 69 0.16829722866398641
42 65 0.04862243440088796
21 42 0.11046251053672716
8 72 0.29249602433758826
20 46 0.24224551704400743
39 59 0.34064248570158245
23 51 0.037194913712335145
4 74 0.218956379127781
32 56 0.19018787017471972
24 52 0.29370890465520266
35 61 0.1305229407046157
1 68 0.028598720593606297
38 72 0.4184634074082598
9 45 0.26747600771896984
6 39 0.061690630624828595
19 58 0.09603819057210192
20 59 0.3003883549001432
12 55 0.3100443608061183
13 20 0.3301059321581882
4 51 0.16390461228441108
16 25 0.6357338109503369
1 45 0.04434185253786708
13 56 0.31802615028512454
5 15 0.06780539316697612
65 66 0.2171194695299605
16 61 0.45737500944577997
57 62 0.04553721815913792
36 39 0.615683552206671
49 58 0.03695079953100307
5 51 0.014840703340588448
6 16 0.4717064965581142
18 70 0.4737197439202543
58 63 0.3998980277509201
69 72 0.38202177448880786
20 36 0.589713326098887
39 49 0.03683380334409634
12 32 0.2068258889837174
23 41 0.10301395177048024
2 18 0.05345450592356457
1 22 0.5796246129214891
45 65 0.07812849565181537
35 51 0.11338865562698318
1 58 0.05549216470383813
46 66 0.23589899487970506
38 62 0.02355314839567118
9 35 0.21978095912362602
7 74 0.0863849135848202
8 39 0.11485135604683476
27 52 0.10179948371835315
11 44 0.6302731950274335
0 71 0.14977119505253988
20 49 0.11985663948150936
12 45 0.302870877044202
31 58 0.6356742709061101
23 54 0.13956434450405455
37 74 0.6664791486051526
38 39 0.06902318553823926
9 12 0.24010907140701984
15 55 0.13931070391564598
71 72 0.413680555655478
30 34 0.5390596830891834
8 52 0.20278857781806867
0 48 0.050313173190130255
19 61 0.041248300689925216
60 62 0.023791060489062908
20 26 0.5298043320641542
11 57 0.615683552206671
12 22 0.36847085735629376
30 70 0.37538688004363074
4 18 0.14491371977765954
34 46 0.38305017990272444
4 54 0.11790392449766683
45 55 0.11667799498702595
16 28 0.5541853351581035
3 58 0.2827476817463572
46 56 0.21806074801249117
38 52 0.11755923725829404
15 68 0.028144777373076368
8 29 0.10020559673438731
18 73 0.07938290515027832
19 38 0.10707825442284533
30 47 0.18677061895299518
0 61 0.11544110018490654
12 35 0.33203101063816853
4 31 0.5543866797409988
15 45 0.044118726222125135
7 41 0.042730302007447145
8 42 0.1438382281120998
40 74 0.19601728705490773
0 38 0.04469130298077803
19 51 0.017369865185958688
4 8 0.1926993684736357
33 71 0.08921837467289566
37 41 0.5566176451981966
3 48 0.2941115938209937
22 61 0.5052385067495835
14 57 0.615683552206671
15 22 0.5758994404377024
59 65 0.3791495131385773
15 58 0.0548040306426807
48 55 0.1820540551161196
27 32 0.18995859138774096
0 15 0.03173722517493981
18 63 0.390776989142327
11 24 0.573886292308969
30 37 0.5390596830891834
41 52 0.11096056300668886
33 48 0.10946883681527642
52 61 0.19841164031680655
4 21 0.13338522909743794
44 57 0.07822286662191566
22 38 0.6140475406414139
34 49 0.5920002095809551
45 58 0.06532014210422354
15 35 0.0739062630321373
0 28 0.053166183259393686
2 73 0.1272457078202325
3 38 0.29374547216569913
22 51 0.5262892367030829
7 8 0.10260699556818638
