48
15 21 0.10999333967885618
7 17 0.2184156352695439
26 30 0.39513749596010295
15 30 0.4062792296568509
7 26 0.09724286386549057
26 39 0.03993091278090797
7 35 0.10670927528226865
18 35 0.04720947006741975
29 32 0.046791910743514666
18 44 0.02729871687262344
8 9 0.09841918064163466
29 41 0.03277887509083111
40 41 0.030037621969759894
8 18 0.12199061839114107
21 37 0.14077833910755164
0 14 0.12672728851521295
11 14 0.09943044429971534
21 46 0.0824157841601903
11 23 0.12072392430109141
0 23 0.1023354396788619
41 42 0.18806079958771604
25 34 0.028728490588226987
2 32 0.8295456202035862
10 45 0.07474209622011947
44 47 0.03764938257918363
2 41 0.8468017522769647
3 6 0.22014625855494613
3 15 0.17661605556294707
14 15 0.07228650974107269
22 28 0.1033166976077642
14 24 0.04615926954617571
3 24 0.13917907551700198
22 37 0.08892673929080697
3 33 0.17646310269092777
14 33 0.06331352907190714
14 42 0.20637551592424103
3 42 0.24625481539374885
15 16 0.025680424204663817
17 44 0.21871625435846573
18 21 0.09671537956829676
7 21 0.14166468213028188
18 30 0.45000900027824886
7 30 0.3884659100632509
6 34 0.13706050970039288
29 36 0.034066326864868345
21 32 0.08208265286255238
6 43 0.40975806479958365
0 9 0.13014298630269452
29 45 0.04567250833894223
40 45 0.01459906209264307
10 22 0.09155495594674956
2 27 0.8287746472648643
25 29 0.050584286309337985
25 38 0.040286631204494834
2 36 0.8473956438768527
2 45 0.8216665593970263
3 10 0.19141550637311328
25 47 0.030986410905110538
22 23 0.01160541800616872
14 19 0.056410540374516496
3 19 0.14804887277853193
3 28 0.21948588762708945
14 28 0.1045072897932294
3 37 0.1385321012901226
36 43 0.4225031963376131
17 39 0.16992529653813712
28 39 0.09929623240400959
5 46 0.03731152642356663
9 44 0.05863200149766482
6 29 0.1539872557903857
21 27 0.09744181207753226
29 40 0.04185960557000834
6 38 0.14276362935701786
6 47 0.08357870423535706
21 45 0.0899146811651432
10 17 0.20613387112972928
2 13 0.8055055428058022
10 26 0.0641910417960361
2 22 0.8367487670281443
10 35 0.04122441467796726
2 31 0.8412182810056281
25 33 0.06544299951501069
10 44 0.0738591960054899
2 40 0.8303147637003463
32 41 0.026485940464830396
25 42 0.2059428024826711
3 5 0.12166963055471164
3 14 0.11810067738905967
22 27 0.02022377503591326
13 46 0.047684836876295024
24 46 0.013245289446240326
3 23 0.14656620370164988
14 23 0.059591075642152894
35 46 0.04027290318725671
14 32 0.046767465365494615
17 25 0.21690594230983
17 34 0.22104295881208808
28 34 0.10292521143307308
36 47 0.054758280587304524
7 11 0.01978501147132137
9 30 0.42228873388153676
28 43 0.42448783835961285
17 43 0.21477075305996518
9 39 0.025349050323713297
6 15 0.045485573942615716
6 24 0.12384848152571899
21 22 0.09871128634316116
29 35 0.08777999609219683
21 31 0.09248540724732146
29 44 0.043831888054977126
40 44 0.02722104481706419
6 42 0.3093457719637187
10 12 0.08028454189534458
10 21 0.09575139330011695
10 30 0.42896645633173963
2 26 0.7766176458809991
25 28 0.07898294435747961
10 39 0.07178048897555232
2 35 0.8262564132024292
32 36 0.025401585558621424
13 32 0.046767465365494615
32 45 0.009842469777762855
3 9 0.10603085482072946
35 41 0.06101772346086174
13 41 0.0640235974388735
3 18 0.14472121868607593
16 37 0.0347423848974179
14 18 0.0341375886710352
17 29 0.2247845709647455
5 27 0.026741226846251256
28 29 0.12478100715418412
9 25 0.06052377413127587
36 42 0.18879931793794086
5 36 0.03725485693792674
17 38 0.25375905667403803
28 38 0.10436541440836233
9 34 0.0625432763859262
17 47 0.21437658754507874
6 10 0.06036524650304338
6 19 0.12704078572313882
29 30 0.4896929239893091
21 26 0.14079411264257344
21 35 0.07370330450228842
6 46 0.1157312043276935
39 43 0.36986052853068085
2 3 0.8150230057368429
2 12 0.8254783529767392
10 25 0.06175877710073386
12 44 0.019961891139387424
24 27 0.012534126295108073
13 27 0.03975177151923606
3 4 0.19223996528036078
35 36 0.059439966617149835
24 36 0.021066888489145445
1 34 0.08007961558555489
16 32 0.056723029228605344
13 36 0.06461748903876169
13 45 0.038888404558934844
24 45 0.010864710087612129
1 43 0.4287485798776715
16 41 0.08046829277455714
35 45 0.045849949804146035
9 11 0.11447707144544197
17 24 0.2053599451547708
5 22 0.021632488561378144
36 37 0.10064175095400367
9 20 0.11010582875190182
28 33 0.056366806628099966
17 33 0.20099502628029414
5 31 0.031077494066702
9 29 0.06628488853858361
28 42 0.27466218850005325
5 40 0.02094739855945997
9 38 0.10081040533577071
6 14 0.11598680762032018
9 47 0.07465642935913819
6 23 0.13728028762169622
42 44 0.20666054874385345
6 32 0.11695207593837854
21 30 0.5164738799767382
20 34 0.10447837884821683
31 34 0.009435555789365611
39 47 0.054676517496177954
10 11 0.05412493354227968
2 7 0.7431907738043967
31 43 0.41632583346638835
20 43 0.4030674642303767
23 39 0.052000029501552296
2 16 0.7859902227707165
4 44 0.056908379068902254
13 22 0.05032557152487131
32 35 0.04228599519251468
16 18 0.04940344634598214
1 29 0.10193541130666593
13 31 0.058440126167536945
32 44 0.013578809680358184
35 40 0.05790219820560272
1 38 0.08520163533096689
13 40 0.040601900234162845
16 36 0.08106218437444532
24 40 0.01220383279326863
1 47 0.0288471162146236
5 8 0.12722224619863579
17 19 0.21422974241630074
5 17 0.19536514192234553
9 15 0.08711210572572703
5 26 0.06617209695938685
17 28 0.24401781121645585
9 24 0.04358425075766272
28 37 0.08483298116815671
5 35 0.07204837977993578
17 37 0.16124687042981653
9 33 0.07813912505656152
5 44 0.037779834755582865
6 9 0.13056001263957148
6 18 0.11064796298984182
19 46 0.0164902009038423
8 46 0.13642687455427166
20 29 0.12608246064150103
39 42 0.21456473196600967
23 25 0.03491204763302193
12 25 0.021565577081765243
31 38 0.06560355825597204
12 34 0.028219603216798585
23 34 0.014984282068489828
20 47 0.050996573383181004
2 11 0.7496461686385946
31 47 0.05304240807803212
23 43 0.41908163569282214
12 43 0.3971371912643834
4 39 0.07043083617482651
1 15 0.06764394784010326
13 17 0.16189712900919348
13 26 0.03184099078197497
24 26 0.07282208967907215
16 22 0.07041530752573656
1 33 0.06124074251949832
13 35 0.06956553893718015
24 35 0.053380768410567644
16 31 0.07488482150322057
13 44 0.05876544992546544
24 44 0.015663149086728185
16 40 0.06398130419793839
9 10 0.09309152873874707
38 46 0.05290108008524803
9 19 0.05529486887914104
5 30 0.449206681940251
9 28 0.11794161677379916
5 39 0.030570407327125397
27 36 0.03246821567870369
6 13 0.11598680762032018
8 32 0.13550950304347126
19 32 0.015272440784997142
27 45 0.006941738294841402
8 41 0.15060552512215658
42 43 0.5503287406369307
0 37 0.16091492034667335
0 46 0.08687036009583174
11 46 0.09917484100708865
20 24 0.09746936894739221
12 20 0.09259014640087694
39 46 0.04056441828153578
12 29 0.03719877805953428
23 29 0.026731258548319682
31 42 0.18327008169798054
20 42 0.28144097681483404
4 25 0.044081527654910704
23 38 0.07094516865697476
12 38 0.06185220828626009
4 34 0.07281001824313767
23 47 0.05877106789684305
1 10 0.053114735858255234
12 47 0.04284674076127493
4 43 0.4169850663949149
13 21 0.1246126408735135
1 19 0.0703116055361277
16 17 0.18502543846249914
1 28 0.040541960801080114
13 30 0.4157386690270989
24 30 0.45671976792419605
16 26 0.04308260912880595
1 37 0.08970691705955505
16 35 0.045653479261532404
1 46 0.062046777361638245
5 7 0.13393196227558163
38 41 0.0635550154108158
5 16 0.07113367320427601
9 14 0.020017725131848043
7 44 0.1266541108367558
27 31 0.026290852807478945
8 27 0.12849380919721273
19 27 0.02603870672800764
27 40 0.015121000443733322
8 36 0.1516549621754955
19 36 0.01204255379956658
11 32 0.10039571261777369
0 32 0.08653722879819384
8 45 0.12763044223691153
19 45 0.020716485530785093
0 41 0.09761795708780277
11 41 0.12515644609781196
42 47 0.23028008497138505
12 15 0.07017835877909445
20 28 0.0366689889535702
4 11 0.0794697055647131
39 41 0.056903178844114256
12 24 0.007060003794867648
23 24 0.018072725820697765
20 37 0.0646250949077037
4 20 0.046095628014005685
23 33 0.07869969776466403
12 33 0.05977159978908703
4 29 0.09466581396424871
23 42 0.1820897747216528
1 5 0.09434136891466395
12 42 0.1925572942328674
4 38 0.07793203798854967
34 39 0.05789220109756151
13 16 0.05576052668107139
1 14 0.08555821805784261
4 47 0.02157751887220638
1 23 0.08425074325761336
37 44 0.08856654089517282
24 25 0.024233695739543728
16 21 0.10555171388749286
1 32 0.06368260098130697
16 30 0.4152037229115112
26 34 0.0917370934598229
5 11 0.11547168286015724
26 43 0.35170101225472633
15 43 0.3798600134059207
38 45 0.061664323156315856
18 39 0.029306162096394167
7 39 0.11170893849208703
8 13 0.09038311914265272
19 22 0.0190500223595261
8 22 0.13603259379894683
0 18 0.10649246480225703
8 31 0.14547759930427068
27 44 0.026818783661371984
8 40 0.12934393791213955
0 36 0.09539950662111069
11 36 0.12550104381908211
11 45 0.10002125321787328
41 46 0.02578984500103402
0 45 0.09436925710078464
20 23 0.10839779259244843
12 19 0.01731127462320844
20 32 0.0858082754043658
4 15 0.05917818355600767
23 28 0.10843096743368603
4 24 0.0669856800502495
23 37 0.09722019030921267
12 37 0.07527574588077382
4 33 0.04886403466340203
1 9 0.09909440318100497
22 41 0.016455729607671433
34 43 0.42497380728883133
37 39 0.04934082757270395
3 46 0.15206707638868067
14 46 0.047684836876295024
15 20 0.02826006701577224
26 29 0.1007162683025586
5 6 0.13253794190602747
7 25 0.12059891723541198
18 25 0.025025584817855894
38 40 0.06759681450075054
26 38 0.1165848190658853
15 38 0.10958571984277297
18 34 0.03585213591526468
7 34 0.14323167839804743
26 47 0.07144737208296928
15 47 0.05683537425110289
18 43 0.3963877682876641
7 43 0.40767505065825665
11 13 0.09943044429971534
0 13 0.12672728851521295
8 26 0.0813170241991669
19 26 0.0863266701119717
0 22 0.10316586227880259
11 22 0.11510346084899142
8 35 0.14230116947725624
19 35 0.05508049285339309
0 31 0.09693998318296292
11 31 0.11957297482647541
8 44 0.14750748760344204
19 44 0.01131766263119621
0 40 0.10156609451133426
44 46 0.012960616752998096
12 23 0.020491809890844852
4 19 0.06304200819371046
4 28 0.03807578660674475
1 4 0.013811163214514501
1 13 0.08555821805784261
3 32 0.1508493162698355
45 47 0.038048460217761836
22 45 0.018618547752670297
34 47 0.05357055500774738
3 41 0.15096096984970198
14 41 0.0640235974388735
15 24 0.08026117689643564
18 20 0.08864355031821071
15 33 0.013825942800754082
26 33 0.04947537078467046
18 29 0.044831310758000356
7 29 0.15629575225472261
26 42 0.2265547793407778
15 42 0.26575846733443537
18 38 0.06531221602235075
7 38 0.1558621889149187
7 47 0.10303709549381668
8 12 0.1314422358166248
18 47 0.039343561075905524
0 8 0.21884044033602068
19 21 0.09199821388844356
0 17 0.28698333605973025
11 17 0.20394228609026607
8 30 0.33420931431996753
19 30 0.4702243483570954
11 26 0.07837800408054874
0 26 0.15692719783251194
0 35 0.0971013774171035
41 45 0.02790982251301485
4 5 0.08629542554807929
25 37 0.09097868172889938
4 14 0.07703608679425827
25 46 0.01381908599466242
2 44 0.841543604763557
22 31 0.010872258336334878
3 27 0.139670979328804
14 27 0.03975177151923606
22 40 0.017843613423874694
34 42 0.1916671194655566
3 36 0.1520104069030409
14 36 0.06461748903876169
37 38 0.12196768554387648
14 45 0.038888404558934844
3 45 0.1438713492621357
37 47 0.07283888597298577
15 19 0.08604688073231158
7 15 0.04779407040695263
7 24 0.1261569779900559
18 24 0.01469253649333373
26 37 0.01217162309070363
15 37 0.04141764408324767
18 33 0.055023664912150265
7 33 0.06010241187289976
26 46 0.07210306136801123
18 42 0.2001898269313335
7 42 0.31165426842805566
0 3 0.236661336988453
8 16 0.10588510447611729
0 12 0.0953236063872936
11 12 0.10383304679758644
21 44 0.07850690051102806
0 21 0.05385079094410675
11 21 0.12785372058653485
11 30 0.3902560694402011
10 34 0.09014190649978553
25 32 0.013485954697024545
10 43 0.39550567475610415
4 9 0.09057227191742064
2 39 0.8029916590699215
44 45 0.020839231002858623
3 13 0.11810067738905967
22 26 0.08051173841987734
14 22 0.05032557152487131
3 22 0.13638803852649223
34 37 0.10183662144074877
22 35 0.06152270706243545
14 31 0.058440126167536945
22 44 0.01757459902521572
37 42 0.23739685908727648
3 40 0.13540895576086676
14 40 0.040601900234162845
36 46 0.024813528005933064
7 10 0.07333058811402056
15 23 0.09369298299241285
7 19 0.1323233498044573
18 19 0.024943807321674522
15 32 0.07298410333056972
18 28 0.0890034606127485
7 28 0.08052478939953922
18 37 0.07171388000209049
7 37 0.08696781029165115
29 34 0.03974384873908815
8 11 0.13742680143421349
29 43 0.43607169199872425
40 43 0.40042733459410257
6 41 0.13977249175008127
21 39 0.11566746196013973
0 7 0.17070819686224498
0 16 0.1295224741615093
11 16 0.05309203349186776
10 20 0.028281746623267916
10 29 0.1117459882930697
41 44 0.020492760624462602
2 25 0.8390641202985731
25 27 0.028845113912004387
2 34 0.850097023806198
25 36 0.029862715794203427
10 47 0.0366601010347497
2 43 0.713217455999328
3 8 0.11284074364885466
14 17 0.16189712900919348
3 17 0.11088875788611942
22 30 0.46440941666500124
14 26 0.03184099078197497
3 26 0.13259907695865983
14 35 0.06956553893718015
3 35 0.18415821094750764
14 44 0.05876544992546544
3 44 0.15253538472069691
36 41 0.0022473758167594077
15 18 0.06706065836055845
7 14 0.1182953040846571
28 46 0.08489237320915644
17 46 0.20809846131542717
18 23 0.028124342589310937
9 42 0.19209742726297244
7 23 0.13958878408603315
6 27 0.12368570440631624
21 25 0.07144286330081237
29 38 0.056522323599876266
0 2 0.9016135188327947
21 34 0.09063551010805589
29 47 0.07991408710068261
6 45 0.11657761653847812
21 43 0.48041395114577556
10 15 0.026168035310131354
10 24 0.08313289659896089
2 20 0.7831061291261057
10 33 0.021692399184351247
2 29 0.8590761986489336
25 31 0.028442262149064805
10 42 0.2671045044664027
25 40 0.028514820410164954
2 38 0.8743273919780802
2 47 0.8215856750142432
3 12 0.14258298996964536
22 25 0.02985032744706304
3 21 0.23342074704729537
14 21 0.1246126408735135
14 30 0.4157386690270989
3 30 0.3835854198719121
28 32 0.08652819682882516
7 9 0.13286850910390838
36 45 0.028573593033807715
28 41 0.10563719348276139
17 41 0.2171418394874708
9 37 0.04927920274820792
9 46 0.051716293136873016
6 31 0.1361293381470803
21 29 0.11626433540637451
29 42 0.1754399980777898
40 42 0.19505262425814712
6 40 0.12522582084179817
21 38 0.0744774033379048
21 47 0.08077654654253051
2 6 0.7667124276844651
2 15 0.7677097904646499
10 28 0.04321720996099175
2 24 0.828937424384267
25 26 0.08689191005783405
10 37 0.055850817564648055
25 35 0.034669552940276266
32 34 0.024267360352644988
2 33 0.7786847280317019
2 42 1.0
3 7 0.22154027892450034
32 43 0.40474729529250336
24 39 0.036016929742341434
35 39 0.06026569316922103
3 16 0.1694310014872356
14 16 0.05576052668107139
13 39 0.009511672099004916
3 25 0.1614752625738987
16 44 0.06411656766264565
14 25 0.05649231787069787
17 27 0.2001653959583683
36 40 0.029558625087071383
9 23 0.054247390913256886
5 34 0.040106539209205164
28 36 0.10405943663904954
17 36 0.21819127654080972
28 45 0.0901047414583644
6 8 0.1466576469896117
17 45 0.19930202899806704
9 41 0.05864215706130893
6 17 0.220498649410871
6 26 0.09493436740115366
21 24 0.08928385500471088
6 35 0.08667753403208617
29 37 0.1159598845728721
21 33 0.11231216456749497
6 44 0.12077779920609723
21 42 0.24477417742959579
10 14 0.07836685456812242
2 10 0.7927977203597425
20 46 0.08435199638790378
10 23 0.09406132024401713
31 46 0.023097655496660673
2 19 0.8391886952126077
10 32 0.07147180305593448
2 28 0.8147639308260056
13 25 0.05649231787069787
2 37 0.7663398121315804
24 34 0.02323434506179454
13 34 0.06731886896810664
32 47 0.034420086201000455
3 11 0.20307999950907588
35 43 0.4109479943525274
1 41 0.0827915976352432
24 43 0.40309853593361133
16 39 0.05029292967066189
5 20 0.11061032258161191
17 22 0.20256890816426104
9 18 0.0430853460892207
17 31 0.2120139136695849
5 29 0.04384815136186254
28 31 0.10263898299391087
9 27 0.0389755839506716
36 44 0.01951644362936164
28 40 0.10252166822750246
17 40 0.20101552467329506
5 38 0.08307864716252984
9 36 0.05969159411464779
5 47 0.06418247078842156
6 12 0.12038941011819133
9 45 0.04291986081951283
6 21 0.12157382253514115
21 28 0.07677773213616193
6 39 0.10940044202775012
39 45 0.03176798596417559
2 5 0.8294234509337044
31 41 0.006038397307430209
10 18 0.07054309476699512
20 41 0.10719036089790517
2 14 0.8055055428058022
23 46 0.02818514632568253
12 46 0.010577170788461841
4 42 0.25002433013758174
13 20 0.09528023276724747
32 33 0.054308842877095156
13 29 0.07254123432535574
1 27 0.07909441067163345
32 42 0.1976392391157857
16 25 0.05806137406130186
24 29 0.0330974284729968
13 38 0.09334543223490575
35 38 0.06342776115658537
1 36 0.08121384079153134
16 34 0.08069413522393731
24 38 0.06435904795033652
13 47 0.06128176811560974
1 45 0.06762382397852756
24 47 0.04551485941905342
16 43 0.37439724208887404
5 15 0.08739719616555887
17 26 0.16359381398545306
5 24 0.02442352555188793
9 22 0.04406922573809919
28 35 0.04461947002189975
5 33 0.07699043717555143
17 35 0.22266035836664916
9 31 0.053514231243423055
28 44 0.08702357225883767
5 42 0.19322638021888683
9 40 0.03471356038273427
6 16 0.06964839681247256
6 25 0.1086773803013412
42 46 0.21083833155123613
21 23 0.09788086374322044
20 27 0.10054915526165667
39 40 0.03376562134561769
20 36 0.10561260405419329
10 13 0.07836685456812242
12 32 0.009359410669616678
20 45 0.08907856856855079
2 9 0.8136422092076081
31 45 0.022396230162582964
23 41 0.011377962190649299
12 41 0.024924331687565443
4 37 0.07733020920345875
13 15 0.07228650974107269
1 22 0.08368270873111702
13 24 0.04615926954617571
32 37 0.07984452509098386
16 20 0.04926504257932537
24 33 0.06345583660841866
1 31 0.07979338714639268
32 46 0.0026413540659333216
13 33 0.06331352907190714
13 42 0.20637551592424103
24 42 0.18845594464632995
1 40 0.07967607237998425
16 38 0.09332464574080857
16 47 0.04098274107334604
5 10 0.09115370314489442
38 44 0.04889853476968255
5 19 0.03329332281341787
17 21 0.2847175073677537
9 17 0.16844719386363122
5 28 0.11179412998625943
28 30 0.4528846813708479
9 26 0.03997765718378071
5 37 0.07547364252381407
9 35 0.0825223383506524
27 34 0.035169595608048644
6 11 0.016556363320604853
27 43 0.39463392405390096
6 20 0.03559771383713269
19 39 0.04952151017524098
8 39 0.09825370977698161
11 44 0.10778925105181403
0 44 0.0829614764466695
20 22 0.10687689250008901
20 31 0.10419215040905462
39 44 0.05164503133070619
12 27 0.006572781625880105
23 27 0.028517226054318955
20 40 0.10184896657272469
31 40 0.023381262215846632
4 23 0.07698114591519613
12 36 0.025518223287453644
23 36 0.012116480540874098
4 32 0.05641300363888977
12 45 0.004967554342637142
1 8 0.15625816946671187
23 45 0.026421088908055963
4 41 0.07552200029282599
13 19 0.056410540374516496
1 17 0.23945937483560256
24 28 0.0951747589558964
1 26 0.08912874137446937
16 24 0.06260396488185929
13 37 0.04114253634640218
35 37 0.07549380960055424
24 37 0.0812370905500018
16 33 0.015273665214656364
1 44 0.06417797641131948
16 42 0.248101255319859
5 14 0.035972187642087906
9 12 0.043017311015332266
5 23 0.031810653736535834
9 21 0.1325917591908141
5 32 0.03609376630472146
27 29 0.04414877045078434
8 25 0.14523435554867453
27 38 0.06483228281109929
19 34 0.010908328593590142
27 47 0.04038882066334823
8 34 0.15450664444677387
8 43 0.2783765750991115
42 45 0.20850116902781868
0 39 0.12012203789578119
11 39 0.09284407870714528
19 43 0.4166031163665108
12 13 0.03666083569254524
31 35 0.06090831706954636
4 18 0.06280059388007589
23 31 0.006673660224745367
12 31 0.01934086041622889
31 44 0.017800571120089252
4 27 0.07182481332921621
23 40 0.026137064442280384
1 3 0.20561275386676345
4 36 0.07394424344911413
1 12 0.0734335842559436
4 45 0.060354226636110314
34 46 0.023625802426375936
45 46 0.010301299583711213
1 21 0.05746700709460476
13 23 0.059591075642152894
1 30 0.46964914011330156
16 28 0.057878804396584146
1 39 0.07895296743841085
5 9 0.029871675738297982
46 47 0.03297328571060629
26 41 0.08844182193058978
38 43 0.4552703457138253
5 18 0.03261138751850404
15 41 0.09812550478913347
9 16 0.07058612266572573
18 46 0.01621810382345305
7 46 0.11803970079203041
19 20 0.09695798950148089
8 20 0.13396134858740302
27 33 0.057268332578604565
8 29 0.15824825659943126
19 29 0.03370507690023275
27 42 0.19950728662411746
0 25 0.07589743923645381
11 25 0.10173405745047023
8 38 0.1811984619550116
19 38 0.05980875042545337
11 34 0.12436681861310565
0 34 0.09509008604369733
8 47 0.13763043128907002
19 47 0.047214583861878864
11 43 0.3932017014789788
12 17 0.19691688323706263
20 30 0.41972911409662017
4 13 0.07703608679425827
23 26 0.08880518943828301
12 26 0.06686074500984418
31 39 0.04924422727511854
4 22 0.07641311138869979
12 35 0.050712649752789156
23 35 0.06663697688835726
23 44 0.023529230938900175
4 40 0.07240647503756703
13 18 0.0341375886710352
1 16 0.05952573431351481
1 25 0.05135112499732793
37 46 0.07748592784600244
16 23 0.07603577097783651
15 27 0.0800983997770329
26 36 0.08903571353047796
15 36 0.09808943453187818
5 13 0.035972187642087906
7 32 0.11926057240271547
18 32 0.015300732312652625
26 45 0.06330662905065106
15 45 0.07299031190919475
38 47 0.06754888888338306
7 41 0.14402130588275378
18 41 0.032556864386031524
8 15 0.11096285748808474
0 11 0.15590680136967888
8 24 0.13490130722415244
27 37 0.07277247867029134
11 20 0.03527109362427092
0 20 0.12104746183222284
8 33 0.11142357435621368
19 33 0.06916533770432642
27 46 0.015738170612201598
0 29 0.12071891134201596
11 29 0.13743089246978082
8 42 0.2808380100304128
19 42 0.18906359307356588
0 38 0.07302316983922641
11 38 0.13699732912997692
11 47 0.08325208402249527
0 47 0.09948218725660868
20 25 0.07609524944916517
4 8 0.14388146161061557
12 21 0.09404167174925028
4 17 0.22761326276854008
12 30 0.4507584232549682
23 30 0.4727028676834068
4 26 0.07633908381200857
1 2 0.8313907060545431
4 35 0.0145042768319643
34 36 0.005703076441460542
22 34 0.019901303478838048
1 11 0.08568398859142715
34 45 0.030374973948458405
22 43 0.4107881846744164
1 20 0.05192394200202264
37 41 0.09382468840858099
3 39 0.12696344498384024
14 39 0.009511672099004916
7 18 0.11295645945417873
26 31 0.0828583506592532
15 31 0.0925420335177969
18 27 0.015023967994503507
38 42 0.18207326652883557
15 40 0.08163851621251476
26 40 0.07102114091606594
18 45 0.0074216715060928555
8 19 0.14515257805249324
19 28 0.09687448339872184
11 24 0.10729211820511415
0 24 0.09373843094035232
8 37 0.07167541850573604
11 42 0.2927894086431139
41 43 0.4218394258168202
4 12 0.06616398691352637
10 46 0.07001552403947248
25 44 0.012826851413991551
4 21 0.061432387368749106
22 29 0.02576264825754443
1 6 0.0865205045295543
34 40 0.032029236038289596
22 38 0.06627049788882407
3 34 0.15486208917431926
14 34 0.06731886896810664
22 47 0.05365679807092121
3 43 0.3111090659134403
14 43 0.3621174370365143
15 17 0.19048820977954578
7 13 0.1182953040846571
7 22 0.13396832063393319
18 22 0.022503879137210994
26 35 0.07611811027115567
15 35 0.06150611243928925
18 31 0.026973393114694974
7 31 0.1384378346114172
26 44 0.08318367441718162
15 44 0.08037764176461007
7 40 0.12753431730613507
18 40 0.016874844677496482
0 1 0.08331496208676015
8 14 0.09038311914265272
40 46 0.02339549441000326
29 46 0.048009670862359834
19 23 0.015987694971696675
8 23 0.1462107589741045
11 19 0.11345849001951554
0 19 0.08909510557147772
11 28 0.06749400562454017
0 28 0.10017580505097698
25 30 0.4707895883029578
4 7 0.09495889920950255
25 39 0.050086750121103335
14 47 0.06128176811560974
4 16 0.04673066045044382
2 46 0.8304629917143866
22 24 0.009779274802292072
3 20 0.1996145466622654
14 20 0.09528023276724747
34 35 0.061436463999261615
22 33 0.0722669332715799
3 29 0.15860370132697668
22 42 0.18112116443087756
3 38 0.1978341971276437
37 40 0.07733769983196226
14 38 0.09334543223490575
3 47 0.1762923019559934
7 8 0.1489661434539486
