122
32 101 0.19139356285390433
43 110 0.4918649456700307
36 71 0.06806440675352078
55 84 0.08305650826818209
29 32 0.17936688829860845
8 9 0.08110898320182755
40 41 0.0585235398328391
0 5 0.060728993934362575
5 83 0.11238661613238252
11 14 0.04796420331033845
69 104 0.1326701422115296
27 107 0.08464022660664788
73 74 0.09482213138986424
19 103 0.01217546157209829
39 81 0.43810391502875196
3 15 0.23956242518958049
62 101 0.4692209336756679
14 24 0.06285723963797778
73 110 0.08006974491944381
39 117 0.432666731227774
72 114 0.16662286635514914
24 74 0.1276701415018936
16 70 0.10022473226261248
35 83 0.8533247653458431
15 25 0.18615015699277465
55 61 0.11275160558695489
7 21 0.05320789302587233
46 98 0.04242767046793446
70 77 0.07237308006203358
57 107 0.5244106981507884
77 85 0.09152289165130742
49 103 0.03427305383861752
68 116 0.12698534275206408
15 110 0.027627501839494816
40 54 0.028994260795113098
80 90 0.2306733825987886
5 96 0.1154661525621858
6 61 0.14088053623124722
18 115 0.1455550505575445
2 27 0.09302008170559786
8 107 0.09395003604241298
54 74 0.07775216832831093
27 120 0.11702673676671956
81 91 0.014961776402492683
20 81 0.20077906679742263
39 94 0.416542760276866
35 60 0.7878569167535938
24 87 0.11424553131559848
56 119 0.17345855349593434
17 48 0.04985349091479038
35 96 0.7092667156063203
76 97 0.1454854116104116
96 112 0.34953183183500003
1 103 0.05150320540220349
88 108 0.05323589999374104
99 117 0.12978925655551093
6 38 0.07859881139753024
38 107 0.1403414967179098
98 121 0.03638933034819427
77 98 0.05580634354983683
9 80 0.02536877772814006
69 94 0.08589405881851189
42 77 0.6962153266523158
8 84 0.10214770392301453
11 89 0.0659468528991257
30 102 0.10142278708407584
91 118 0.17265893563965679
3 5 0.14778680850051215
20 94 0.12401693532145593
31 103 0.041802812306432006
32 68 0.15842538771081693
23 99 0.2051277162678427
35 73 0.7152901060607791
28 34 0.06831552328299194
87 120 0.04501864615925832
46 88 0.027999019945360866
37 119 0.13859479864243798
57 97 0.5054672487132763
68 106 0.04922882198955729
61 67 0.15353386669260474
40 44 0.044093280801975755
26 109 0.06553597364922796
27 74 0.03630838453396572
113 114 0.31364875581647245
18 105 0.14055334672148412
39 48 0.4418280375011408
30 79 0.04158902263109664
71 117 0.12091743446523276
50 94 0.05372308876926741
91 95 0.12770912417338634
61 103 0.07182420026268833
73 77 0.03494455874052289
11 102 0.11451088787434067
12 67 0.0500496343080058
13 32 0.21650464809221232
31 80 0.10021957557427177
30 115 0.07608892344763694
43 54 0.5512408529692379
16 37 0.04216728136126355
95 101 0.1273504741338385
1 57 0.5327257398274745
13 68 0.07319341928980862
72 117 0.07473011241533277
45 100 0.1324693152206469
17 38 0.10958175614758861
57 74 0.4763576484119744
22 116 0.1478482629789943
28 47 0.08245601427636266
109 121 0.018866950675613697
14 112 0.31120921644972227
88 98 0.043475187837103725
46 101 0.04453084236585645
6 28 0.07438210691593755
57 110 0.4918649456700307
69 84 0.07853934389987663
42 67 0.7169075084551948
20 48 0.06570765825462566
31 57 0.5347036846241324
91 108 0.05246003128927097
110 121 0.0726145455417662
2 30 0.041084092955315614
102 117 0.1286943828099286
75 100 0.07370520878035476
33 103 0.08526205698784023
12 80 0.06912431909833462
52 116 0.11033378108211643
4 76 0.0810024904912323
72 94 0.09559932474822001
44 112 0.3443147771243818
64 90 0.14041085181063867
10 119 0.17343996103246748
56 86 0.48234782790115643
35 63 0.7394776236863633
9 11 0.06723332836745825
53 117 0.023230928283853654
37 109 0.01758298258785046
38 74 0.1532868660519926
76 100 0.061266330321275424
49 83 0.16159589947712605
42 44 0.7324185431295718
7 86 0.5052108808773296
8 51 0.049619074486092256
18 95 0.033404412053082484
31 34 0.015061551225524836
63 103 0.08873704991158649
82 116 0.1359132260871471
29 110 0.045918701165510924
8 87 0.11672121480980079
0 83 0.12645316305349188
23 66 0.03377063154340582
83 117 0.12106092286649235
43 44 0.5239637220825056
16 27 0.09553328129020532
1 47 0.0538162876319385
25 112 0.15035342002215296
53 94 0.022892242670725538
46 55 0.08891909520273285
37 86 0.520445062889599
38 51 0.10791813279437583
9 24 0.10183470713345516
14 102 0.11835990628452231
7 63 0.05464476401929699
27 41 0.06031177526944053
18 72 0.2122304157847272
59 110 0.0752521206644256
90 97 0.18418706724326325
82 93 0.23661232636803514
61 70 0.10722018212382423
101 106 0.0693023431187566
8 64 0.1199787279509587
20 38 0.21199472201121067
60 74 0.04302385933462542
12 34 0.03771171339864226
31 47 0.0647568879281784
112 121 0.3457984840944787
91 98 0.08721724612310473
23 43 0.5597521799663419
60 110 0.0377071244191097
25 89 0.16082977644052915
53 71 0.09897563095748306
72 84 0.09419750977369849
44 102 0.12892567684018197
64 80 0.10052424596797833
105 118 0.201761865362463
16 40 0.08787082088848608
2 105 0.1576391110115309
14 79 0.05263568985632568
45 103 0.04175805792872294
5 30 0.09683513220542529
46 68 0.03587673660350323
86 104 0.46741623468363047
38 64 0.13423777546709784
78 100 0.14698657562635914
3 106 0.250968073617829
15 80 0.10878667996177621
0 37 0.06339911769535585
18 85 0.1644835030207077
30 59 0.030071866731114248
90 110 0.14015495706536557
63 93 0.0198075495525816
82 106 0.23325073327871668
29 100 0.07499986871733813
21 96 0.05845669212067959
0 73 0.0574383171369953
6 116 0.10873445075142651
41 110 0.024773771588132754
1 37 0.03129594153961778
74 107 0.0581776159324071
93 120 0.04273413860620014
5 7 0.10913511124277754
37 76 0.07445590906099686
43 119 0.6148788341456222
49 50 0.03370463539445852
22 96 0.07311640012816974
7 53 0.04042630768294051
67 104 0.07396436785127469
27 31 0.1019862853852309
26 66 0.0905367814515529
59 100 0.02625199070641758
17 103 0.11903590554782555
0 50 0.05471814038275023
40 86 0.48852828445920315
60 64 0.025826209100305968
11 59 0.030821762757611483
6 93 0.06895821696288375
23 33 0.10513285876346308
115 116 0.16025601207176016
1 14 0.032936336140763786
33 83 0.09811299742350091
73 119 0.13802590710760557
64 70 0.024965184074613594
37 53 0.03613376676639262
116 117 0.1237993136116655
2 95 0.05258601533561268
14 69 0.10852804129059702
97 103 0.08866764750979028
36 93 0.05399360201635032
55 106 0.05134689624369319
7 66 0.024505292630945707
27 44 0.08251027777660824
59 113 0.3418988922913045
100 114 0.11008115066249019
5 105 0.1715537485173931
71 87 0.12112833828746007
30 49 0.02820628096940254
29 90 0.17245039727079675
41 64 0.012892856269329008
60 77 0.09773802575571862
6 106 0.10707432826919741
10 76 0.01361848274427789
2 72 0.1439999542048229
22 50 0.10729634972225084
14 46 0.06318461838401025
34 61 0.08931644405936968
85 106 0.08030917610928057
45 70 0.10633843572663444
51 113 0.32545795058918014
35 105 0.6340370667488833
14 82 0.1979755314665144
47 79 0.05698514358089051
67 94 0.025754204699805758
0 4 0.023267167029440487
18 52 0.11969837441786785
59 90 0.17978675627130186
78 103 0.08479402838458887
11 13 0.047048110530255656
17 93 0.05010640518882068
36 106 0.050632008927031784
9 89 0.06138010862824192
29 67 0.06539305295677651
12 14 0.025262001163140733
44 46 0.02370297815782939
62 100 0.45826585680482007
54 96 0.06291689637190075
34 38 0.14647341417285992
2 85 0.09625304144080338
43 86 1.0
22 63 0.04992019669974786
67 71 0.1221500722149259
32 113 0.2816191452604571
78 80 0.1174612705502901
70 76 0.07292110829816655
16 105 0.12093323569372627
17 70 0.07361172606327958
36 83 0.13425334015025456
28 79 0.0330726808728542
47 92 0.07733263151908899
6 60 0.11967462526606028
71 77 0.09315505447473527
17 106 0.055880003767694135
27 119 0.20655465235712464
73 86 0.5050592553164864
25 46 0.20535286011934098
2 62 0.40027856525034544
54 109 0.07938731162298159
14 36 0.017439588804725535
34 51 0.060055407433494
85 96 0.07110609592944743
13 77 0.053398737803545045
12 112 0.3256420774792897
4 108 0.08126316345230729
23 121 0.07137670379466506
35 95 0.7417955314409677
55 73 0.09555248877154775
1 102 0.1088223983076222
47 69 0.13265292171101573
7 33 0.06466312135669916
13 113 0.3602300677792278
99 116 0.16353812592793782
77 97 0.1360327761003297
48 70 0.04477590333470736
5 108 0.11854171503033202
6 73 0.04279166643209256
50 116 0.07429718714005193
10 43 0.4686751289657003
2 39 0.3802937959314867
81 103 0.10909404697232139
54 86 0.49801796296901657
33 63 0.02786220212259701
25 59 0.1962847527086452
39 106 0.42169713047325114
32 67 0.1956090846088134
51 80 0.074254230506902
22 53 0.053931106738386594
87 119 0.1413776126018488
7 10 0.08603310016744098
66 96 0.017347714595940117
1 79 0.03418941140755026
4 121 0.057280210233925856
32 103 0.22025341858868833
24 99 0.13901315272497633
55 86 0.5450466767816606
28 69 0.06951248999590637
68 105 0.1347919538819858
1 115 0.07685769579200513
38 119 0.047208630195759736
50 93 0.0662369047910224
69 106 0.05248027957009496
61 102 0.07808522416242492
62 67 0.4563892007213499
80 115 0.14902687377377863
33 40 0.05154602010815138
25 36 0.16529679319744814
44 49 0.051270302863660445
30 114 0.056822731552692594
31 79 0.0666974585616331
62 103 0.36755459951289643
22 30 0.059165050786047266
103 104 0.06639359242207145
31 115 0.08398220478893605
64 112 0.34496962923458147
43 89 0.578358836153419
16 72 0.06721095117860372
35 85 0.7334946351754174
55 63 0.07637769799471532
88 97 0.11010915763035888
59 70 0.05307864465388381
118 119 0.20804625994146833
65 113 0.35201361819888993
17 73 0.06948183372026633
28 82 0.249026083712354
15 112 0.3316728481482546
40 56 0.026251612233878813
27 86 0.5818735213846683
18 117 0.13211681535985387
92 103 0.09405808995223067
10 33 0.040574574300002046
110 120 0.09465281223783388
42 102 0.8304042318528455
62 80 0.44262935848384316
8 109 0.11734039588322177
73 89 0.0699130558691227
19 118 0.15103992189840695
11 114 0.06991083234295746
31 92 0.095620944991997
23 88 0.07917725936396654
24 53 0.09867431950755805
103 117 0.08600111923791529
35 62 0.7270258771609659
34 103 0.05685906491641412
24 89 0.05969978517425611
17 50 0.11241916477071638
57 86 1.0
9 46 0.07499130577614858
88 110 0.04733168107992598
46 113 0.35258094853449995
77 100 0.056572135422962244
49 118 0.13935595422696348
90 119 0.27367997412383266
80 105 0.06517746553688201
7 121 0.03090696638790114
25 26 0.22724304943461646
39 73 0.41680187203871855
30 104 0.07577223655082459
31 69 0.09449328606274404
91 120 0.05246003128927097
2 42 0.7692172861465763
54 89 0.05867809855585762
33 115 0.04305361673798588
12 92 0.05958004592480406
53 93 0.012159092634796665
32 70 0.17573558621635182
24 66 0.08889350099729881
17 27 0.05319653884970938
36 40 0.018562516827243896
28 36 0.07467154378995874
1 82 0.21097781360861415
47 49 0.035535874773277215
57 99 0.4553742319905143
50 60 0.09052802927409397
27 76 0.04464925696142283
18 107 0.08540526153469578
71 119 0.18554526325769202
10 23 0.10018584420925426
83 93 0.11417319575162686
102 106 0.09886488043082668
62 70 0.42477874850201747
0 95 0.05016421686911718
13 34 0.06848129425497139
72 83 0.15672670833870087
32 47 0.24512299103819624
84 94 0.007354714918635265
16 39 0.45894966206423543
95 103 0.02568413997106672
1 59 0.022672255507567872
106 112 0.33872629892603223
53 106 0.04191933453930455
45 102 0.15144512406022317
64 115 0.03723029632933205
56 111 0.06127763718837105
76 89 0.13486968267963476
18 84 0.11775420829529484
98 113 0.36621343476271234
90 109 0.17608098971704308
50 73 0.04858182318453703
42 69 0.780664945026627
27 89 0.1425336569715091
19 85 0.1326481908042812
39 63 0.4424638713662677
83 106 0.09907228338207036
75 102 0.13117616917381858
1 36 0.03691957037500527
13 47 0.07048700947416114
53 83 0.13412044898008038
4 78 0.1424210140821589
10 121 0.0767355910891858
56 88 0.03718114220835984
2 117 0.06388635377994957
14 91 0.08472301747450292
46 80 0.08913075597003768
78 112 0.2534010843332854
89 121 0.05796500898375536
49 85 0.11458558889167962
42 46 0.7512521882217739
15 92 0.09861745400860845
7 88 0.0359420704255077
8 53 0.10115000300176036
20 27 0.06785842307429743
23 32 0.25866137953145785
82 118 0.2923778895018199
29 112 0.3140837626907165
21 108 0.052151812715513515
40 121 0.04193277031443074
41 86 0.5215617461152275
20 63 0.10998341012935389
60 99 0.08259363635327137
53 60 0.06153022029892993
4 55 0.05552357725431136
23 68 0.11196499772419737
64 69 0.047741377603140046
43 46 0.5056409676085699
108 112 0.35136089499672085
33 118 0.07448964042601437
5 19 0.055147517477980135
64 105 0.14637524785811754
46 57 0.5110509960048913
97 102 0.05131704422219803
76 79 0.08719297657155638
49 62 0.39998179547088564
15 69 0.06014018528217755
67 116 0.12985809124849915
18 74 0.14278084684839065
59 112 0.34409436417961803
70 121 0.04762925511353066
30 48 0.06046321159401421
82 95 0.15099445788468774
7 101 0.04672740236271892
48 102 0.10099629584195406
19 75 0.13920253092156126
60 76 0.0703983049728879
6 105 0.06482132287790332
11 71 0.08843081831865757
23 45 0.137517902342447
94 105 0.1006881718863313
1 26 0.05840266516577075
60 112 0.3271001902439526
33 95 0.1032565338434639
34 60 0.032311809142732746
52 108 0.016024574600414614
25 91 0.219831232471695
72 86 0.6019987513244764
44 104 0.058655153658194924
37 65 0.1085185321680606
3 72 0.34753780195544454
22 85 0.0705121778979891
26 55 0.08117862214896046
5 32 0.18323899353365483
86 106 0.5218537376788857
97 115 0.11622371265759307
49 75 0.12129543391332522
55 118 0.07800588685648611
7 78 0.12313859517711498
27 56 0.11959684915934389
18 87 0.13232771918208114
19 52 0.08161239898745351
79 103 0.071915695998935
11 48 0.054381394441383284
12 13 0.04036570476767062
5 117 0.11963739303005923
90 112 0.45218777706850977
63 95 0.10673152676721012
82 108 0.23207032473937322
40 111 0.04677367063058304
60 89 0.08623288635884205
33 72 0.10733074341421123
25 68 0.21164179636881147
13 14 0.0616236083978704
16 19 0.12328610484909902
2 84 0.062407235789385174
14 58 0.32477769350981583
25 104 0.19177705015380905
37 78 0.1416364405092972
78 79 0.12025662141254757
2 120 0.08021276023002996
55 95 0.10160521084776102
8 20 0.1692110508114995
18 64 0.11718318785243191
19 29 0.0583898917175874
78 115 0.1895020044142199
79 80 0.043128696227863556
63 72 0.08706973645112075
9 101 0.07308886625097454
42 49 0.7273460649287623
40 88 0.035547134331305505
41 53 0.04691157656189587
60 66 0.09069280675565915
11 61 0.10631946479062881
12 26 0.07007594098799408
31 39 0.3724756886981999
4 22 0.05735230925256075
44 58 0.34211930523606826
104 109 0.08113722671503294
62 112 0.28235901176467704
93 99 0.13887964653692675
45 59 0.1062173245142293
64 72 0.11253308500488492
37 55 0.11653514824793001
14 71 0.06974004660983936
15 36 0.05009306403182918
7 32 0.21484003124858528
66 118 0.1425348870072602
26 45 0.16499183894933744
86 96 0.4999624129459939
89 101 0.09340829991223701
48 69 0.02654043409002453
8 33 0.1257883760391496
27 46 0.06418752330267251
40 65 0.0867955804058522
92 112 0.3732440825700292
30 51 0.05044457040220798
29 92 0.09380654764115334
21 88 0.07110425087582094
41 66 0.07775945392468221
33 62 0.45094908375819626
6 108 0.028909293710160155
52 75 0.1235547730425555
4 35 0.7757430988962469
10 78 0.19704183971337888
2 74 0.07089944992328127
14 48 0.08239124816316631
34 63 0.057856860455802996
51 115 0.10713512042073658
43 111 0.4909909106508184
35 107 0.759810445813685
36 72 0.14720173726464753
55 85 0.11052561935020334
1 114 0.06422234277623896
88 119 0.17173134675620894
47 81 0.08486011915167088
59 92 0.044607104582417775
11 15 0.031549470831523575
70 101 0.07558058751900702
17 95 0.13703038240344917
36 108 0.06599245884004698
47 117 0.08008095716840474
48 82 0.25154666351146737
0 42 0.7548927628812305
41 43 0.5026434177924769
4 12 0.048331889381749496
2 51 0.06087371237137317
62 102 0.412751458928846
81 115 0.14508423071931978
73 111 0.07155420741534624
33 75 0.04872706202128842
74 76 0.04455090141041104
20 105 0.22374530084947702
31 114 0.03634793491426675
37 45 0.13884056924729898
56 58 0.3270743594931818
51 92 0.07980831501329129
3 52 0.27708925475303564
22 65 0.029024491289147015
107 109 0.06716898803586803
26 35 0.7592121753480309
78 82 0.14016739935007755
35 120 0.701484657882351
29 46 0.04240240742597184
47 94 0.06291377397345596
8 23 0.10430230077714134
0 19 0.0459700788126484
92 102 0.16834737647803583
62 79 0.43746415451103565
73 88 0.03542105566682911
19 117 0.09562070844666026
25 48 0.21889597951933706
51 69 0.11764620169454457
74 89 0.11595428751905908
106 121 0.04922844351701852
13 79 0.018977133493461914
32 92 0.2294739085053046
51 105 0.11222727919356217
15 39 0.4078114461166046
28 58 0.3600642968072484
99 118 0.12099355475459209
57 121 0.5364419143765493
58 86 0.6346696362883636
77 99 0.1788360805629894
6 75 0.13484725818171298
92 115 0.11977965139556786
10 45 0.17724966560768468
42 114 0.757545524214508
2 41 0.04287057795642524
3 6 0.29835061194515156
4 87 0.0717094284653076
24 65 0.1381197209881521
3 42 0.9076210034660046
84 116 0.11177585607294913
35 74 0.7880359815734966
15 16 0.08896607310660716
7 12 0.021417524423424296
18 21 0.09476919254350435
17 62 0.4847229323181816
68 107 0.0577337622625694
28 71 0.12079059885567887
47 84 0.06412848158662503
0 9 0.07406248685694976
40 45 0.10200355319481207
5 87 0.12747513352629447
77 112 0.33385161993579504
50 95 0.06972112298290108
42 91 0.6689360195484847
21 68 0.10449934304263636
62 69 0.48126184826023516
8 98 0.11931909762495714
0 94 0.05527714432250745
33 42 0.7615647606489997
19 107 0.06011170522363542
25 38 0.24453394584067437
44 51 0.06438598484018786
10 58 0.3777581718489573
23 77 0.02993419734513815
51 59 0.05422437564686282
84 93 0.021196023370111568
3 19 0.20293432597849223
95 102 0.10538553649215662
87 98 0.011113656864590619
20 108 0.14665432404638998
106 111 0.011160398223128207
66 75 0.11460626295410975
12 104 0.058757767025267825
13 69 0.09007357837317083
4 100 0.08673616021726598
23 113 0.38256113029309824
24 78 0.09657294535419518
17 39 0.46473816299932275
36 52 0.07766053066486225
96 103 0.0703458392172015
28 48 0.06750819404873697
55 65 0.05459419062630441
88 99 0.1275952512482853
47 61 0.10655009649393928
65 115 0.01210445066201234
38 98 0.08119016556139282
57 111 0.4909909106508184
9 71 0.10871751410531671
40 58 0.310302490864974
6 65 0.1530203267665668
18 119 0.18538621017327572
30 93 0.033969329626257906
10 35 0.7634982349223525
102 118 0.12150553348140763
62 82 0.22217818799364944
0 107 0.01257640591785339
73 91 0.05758450215509361
60 121 0.0629164232812273
12 81 0.09200908693641954
13 46 0.053980592022830225
31 94 0.06067089839966202
51 72 0.16069040392812867
24 55 0.1216532796987283
16 51 0.10076859730081902
35 64 0.768986890988602
1 71 0.08274232875193907
16 87 0.038261492070267036
17 52 0.08837423667411204
21 22 0.1252535470328061
27 101 0.07968020205891903
20 62 0.4610253947030973
39 75 0.4708292527291537
12 58 0.32922512431285367
31 71 0.05486792088996685
83 118 0.06396706304884138
14 18 0.08093942750446045
33 117 0.0298133226780698
13 59 0.01849916998606796
53 95 0.08887561816984214
72 108 0.11556502851293839
16 64 0.08163851359262837
9 25 0.20255911776537325
6 19 0.0843503166419532
38 88 0.12006345849057488
57 101 0.4951489518889022
98 102 0.15116174274682218
9 61 0.13623232574639407
50 62 0.39529067566195
77 79 0.029842181209150696
7 100 0.035130436066124274
11 70 0.03888426863280629
39 52 0.4129823744865607
31 48 0.06835649293531332
42 94 0.7204313716455095
2 21 0.08823562110678902
8 101 0.1338917096394638
54 68 0.0635087328043959
20 75 0.0942775567156475
11 106 0.03272609464547934
31 84 0.06084234645972296
72 85 0.04273598365982661
64 81 0.12340901380606321
10 110 0.04140475381378499
43 58 0.6602228247610173
95 105 0.1295782108060818
1 61 0.1006309752239103
45 104 0.09653254341068195
64 117 0.034564477693467245
65 82 0.2619175680187299
56 113 0.3270743594931818
17 42 0.7466814226801661
97 114 0.09483320171162317
76 91 0.11952063425184994
22 120 0.08659111061678394
15 81 0.1316714477998611
26 90 0.12424382960844606
71 98 0.12467202397699234
50 75 0.13116273339869244
8 78 0.04685390680880141
0 74 0.06995199123154823
40 110 0.05612899138913474
23 57 0.5597521799663419
83 108 0.15578071622805567
1 38 0.1181972104019204
33 107 0.043011700904317565
72 98 0.07599965123755555
44 116 0.11227463556997522
4 80 0.1157120650942489
45 81 0.1392763330666206
16 54 0.09864205472362829
49 51 0.02223828943280545
34 108 0.06978394942433619
6 9 0.01832899927082535
49 87 0.07617914183906525
50 52 0.03637471184638444
36 117 0.0670881368397742
7 90 0.1883915659854808
19 64 0.0915929090709791
2 11 0.04980911500962009
83 85 0.1343061370694124
21 110 0.11624793490007404
41 88 0.04212957603458899
52 97 0.15251109196565724
53 62 0.43656816808457477
10 100 0.06088993938147277
56 67 0.06617833616564837
2 96 0.06759708778627958
22 74 0.010280118407026119
108 114 0.09226441397288447
87 91 0.07244924766046021
53 98 0.035768919239022305
25 116 0.09969520187181163
57 68 0.5007792039937181
97 104 0.15506123993186177
3 97 0.16026457501294966
14 106 0.06226034113527665
55 107 0.06521375159153618
26 80 0.10770150457499973
67 118 0.09158798892797515
11 37 0.03525831247515979
17 117 0.03725499166248653
82 97 0.16432265219173212
101 110 0.07031575065036959
29 91 0.1128098430488575
20 42 0.8436859686557561
6 107 0.0914054705461553
12 38 0.11376841937141677
11 73 0.03610751023401573
23 47 0.055619945824494636
104 121 0.08284427979206913
34 62 0.40902033471449034
52 110 0.11017472799770006
3 74 0.27012450847653136
22 87 0.060789265686161026
14 83 0.15169292895498013
15 48 0.03400339215474684
59 91 0.06362473463752766
97 117 0.13827077884018701
36 107 0.020376583014616093
55 120 0.11304861191175142
47 116 0.06705218194859142
8 45 0.04384675325203712
18 89 0.07778197304073876
12 15 0.04309628951673174
63 97 0.13767132564784923
48 117 0.04924878641597719
21 100 0.09056918816268476
25 70 0.1820298210813651
44 83 0.13964586419165811
4 47 0.08715725822571035
37 44 0.018837713671994036
10 90 0.11039717523235967
56 57 0.5485026041512668
3 51 0.23808340181715074
14 60 0.06721937219259126
34 75 0.08248260197221097
66 107 0.06049429365126037
26 34 0.06722443426279726
67 72 0.08520992239562522
24 110 0.11430499881325211
57 58 0.6602228247610173
89 90 0.21140737994011347
49 54 0.02734255932687146
7 57 0.5416607668317267
47 93 0.06900912151934777
11 27 0.08901347679208758
111 114 0.08855188222199527
71 78 0.09746334931070927
36 120 0.06599245884004698
9 103 0.07100069132740115
0 54 0.020153615380215647
41 55 0.05733546722458566
6 97 0.15741188556106928
52 64 0.0963224911516669
12 28 0.04871731635341521
4 24 0.07217111765353465
23 37 0.0605506860595365
21 113 0.35186525696369375
54 110 0.06438702563966947
25 83 0.22954444632471716
20 117 0.11193453068482667
56 70 0.04213856475738469
51 104 0.05834702970257217
2 99 0.1063220667893328
108 117 0.05680286174440738
26 47 0.11483386687711002
13 114 0.10243638385195822
78 94 0.12618525180511297
16 119 0.12665100957313172
89 103 0.010435292147920128
36 97 0.09071518394451368
48 71 0.12331117865479223
5 109 0.1319365678132666
63 87 0.01587408445718783
9 116 0.10802661248579963
29 94 0.05258081133820463
81 104 0.06060433454190653
33 64 0.01172522117816893
39 107 0.3914417045608353
44 73 0.01702033584990764
2 76 0.09018290962780681
18 20 0.13808906471251203
32 104 0.2402650594577994
24 100 0.12140675214878971
35 109 0.7359935001126192
1 116 0.09346559119279266
19 21 0.05833799367070913
9 93 0.05950600723440799
29 71 0.07261459285083356
80 116 0.11340598460648109
41 45 0.1350370148508366
6 87 0.06815717983458576
10 57 0.4686751289657003
2 53 0.05422338215644857
81 117 0.08520301527179272
14 27 0.11702333051387061
74 78 0.1885615947735213
34 42 0.7664844305622825
20 107 0.09865861289719922
39 120 0.4127146997835184
24 77 0.08627224750287368
1 93 0.026569718402711537
26 37 0.06186327613304388
99 107 0.10067937239980496
118 120 0.12945638995766645
78 84 0.13148864556363712
24 113 0.2883852407631767
77 88 0.05793156147314192
68 119 0.17008276768641206
21 44 0.07965039734649118
50 107 0.06188201052371281
42 103 0.713646778297458
62 81 0.4579207844676007
8 110 0.13221124425827596
81 94 0.07051421218788498
54 77 0.06553308779611988
10 70 0.060454412107487934
22 44 0.052074651626672616
103 118 0.14764346202645462
54 113 0.30733810470509026
74 91 0.1311373757385951
20 120 0.14665432404638998
12 116 0.0884184706520803
13 81 0.06729255931977511
32 94 0.1934889760647817
24 90 0.21417988052284287
16 86 0.5518335409649451
35 99 0.8600343738221528
28 60 0.08549401334503638
1 106 0.039576684142478454
88 111 0.037734989459776345
99 120 0.16450904991707427
46 114 0.09478726460723046
5 76 0.14958488422312158
17 87 0.04617294009342691
69 97 0.11899995065664278
21 57 0.5941247720826546
40 70 0.025638723266414823
39 74 0.44881728987453023
30 105 0.13001317037125845
50 120 0.03610703714334226
91 121 0.092067986725265
2 43 0.5238855675032505
54 90 0.19091872174495528
32 71 0.2229734534157313
23 102 0.17652082211615638
84 118 0.11501368864209122
35 76 0.7671110864683434
36 41 0.06271313621884267
15 18 0.10140305920299272
1 83 0.13177779858325428
34 117 0.05345754297425579
18 23 0.13393286852805456
59 61 0.12051384081170635
17 64 0.04942482345557067
76 113 0.3881933220696754
9 60 0.11022241553758455
49 96 0.054548963157921876
28 73 0.03159488753617549
69 74 0.027813095310692138
29 38 0.14528661890942482
26 112 0.37612984105998437
92 94 0.038595872558266686
58 101 0.38105708042404257
50 97 0.12297462194969469
110 111 0.0348589293286271
42 93 0.7406362227456605
102 107 0.08427045893627362
8 100 0.12232804892628056
54 67 0.08021044208573003
33 44 0.030016657049521767
0 96 0.055116719275138025
73 80 0.04873609805315147
20 74 0.06665506963729133
25 40 0.16669558039165944
12 70 0.04071091903209246
31 83 0.12494840354842608
32 48 0.13316319731140683
2 56 0.05158329965321982
84 95 0.09542395003556936
14 30 0.040556833399747395
114 117 0.07504656276680838
66 77 0.02600210421269741
106 113 0.3360256135075336
53 107 0.04359194661531301
32 84 0.18613426114614642
64 116 0.12479214169898317
17 41 0.06617105056927712
35 89 0.7186982985814333
76 90 0.1181619178376804
9 37 0.048349535663869465
1 96 0.030759220170580418
99 110 0.10212551597042943
5 66 0.11103712498634548
6 31 0.08628487902385501
65 117 0.06800167493022034
9 73 0.03333945670361679
50 74 0.1107331642286491
42 70 0.7668020636404417
61 83 0.12059483393500219
80 96 0.04226024367859792
8 77 0.07164537198812146
27 90 0.09203274147009237
30 95 0.06524270474075178
91 111 0.1360016940430836
83 107 0.11632386595316394
8 113 0.32587214147379207
54 80 0.10319517398311648
20 87 0.12085247911576708
12 83 0.14345107440547758
52 119 0.1134563687632043
31 96 0.06051047335229261
72 97 0.18891395270711245
51 74 0.09849866094050332
43 70 0.5180894024992534
84 108 0.029992103643569325
17 18 0.15832977608571122
35 66 0.7025891826776719
87 113 0.3563716821737117
6 8 0.08268863296050165
37 112 0.35842967391231856
65 94 0.08008407956684957
17 54 0.10445227052062732
57 90 0.3760504564449783
76 103 0.12925915845590205
28 63 0.022296243040303976
15 93 0.042140835592617276
7 89 0.06292342502319448
18 98 0.1358714048716134
6 44 0.06074053734679494
58 91 0.40244730751560825
71 110 0.1182163232651281
10 14 0.11135305493808029
2 10 0.08176851890969444
54 57 0.5422566718440136
20 64 0.07866353020165914
31 73 0.06283207121414987
4 56 0.054218130849973165
23 69 0.13585186622679962
13 61 0.1388450162996296
72 110 0.09526844513120389
45 93 0.1156152234333922
65 71 0.1336820831620548
16 66 0.07221653435818655
17 31 0.0922624743011233
57 67 0.5081005660198745
76 80 0.11067223014990779
3 96 0.26325296106269797
88 91 0.09332427900863095
67 117 0.013886157447320056
98 104 0.06934534706097387
49 99 0.1578930187759754
50 64 0.0829281587684731
69 77 0.12382188003678946
101 109 0.03849515155388761
7 102 0.1320792519603813
80 86 0.4843229814628409
27 80 0.14510225547397845
113 120 0.3586015477539855
18 111 0.12006038340119746
19 76 0.1364740277714634
11 72 0.11607932538405386
30 85 0.08206864763293578
2 23 0.1037753250759772
94 106 0.06103631363584046
60 113 0.31842124722124293
32 51 0.23236435059292695
24 47 0.08265253614211683
56 79 0.047253289955334093
35 56 0.7246634988830569
45 106 0.12113675930144757
86 107 0.4973475461756605
56 115 0.09263456011579747
97 116 0.10726682886422713
3 109 0.2797233763137788
89 112 0.2896212847657187
68 89 0.0906334811852076
14 118 0.12945298370481753
55 119 0.2254304025192647
27 57 0.44579059767295204
71 100 0.12828955912065126
63 96 0.04794035954039622
48 116 0.14522573213975085
8 80 0.10208047773831626
40 112 0.3124979627532875
60 90 0.1452588011778255
20 54 0.11984403903622536
13 15 0.07319791365120644
31 63 0.06908103130171325
23 59 0.04907454712094286
41 113 0.3353109154271416
72 100 0.0729636864587777
64 96 0.055809560566416345
38 44 0.10249911567525863
17 21 0.12253308642415696
3 86 0.5364030263231911
9 17 0.10068807726819658
28 30 0.04544788132728618
15 60 0.020787509573581147
67 107 0.06676638787275586
27 34 0.087548835376131
46 84 0.027898677413520572
6 11 0.07668553809593404
70 112 0.3200044451599679
30 39 0.3929504853366257
49 89 0.024652471139458294
36 119 0.19111689942806656
42 50 0.6998942216563221
82 86 0.40358944301946925
28 115 0.0784368251509384
8 57 0.60018832793529
0 53 0.04962498811951049
19 66 0.06888971343336711
12 27 0.10753734211131001
112 114 0.3168661035594539
63 109 0.0296673742053082
23 36 0.07594784780881196
29 116 0.0976346554435682
115 119 0.2070520598911977
41 90 0.1513480458540297
60 103 0.07919646684530889
33 86 0.5302124456247319
64 73 0.051788147914826846
116 120 0.10457290864235895
2 98 0.08206282861765228
108 116 0.1141372881695115
14 72 0.1524295311335532
66 119 0.13616727577879367
86 97 0.5063049030597001
57 70 0.5180894024992534
97 106 0.10899796225654225
68 79 0.046367806141823995
55 109 0.10104005672924887
15 73 0.060250368100025764
67 120 0.047998360456962076
18 78 0.09524128972654745
79 94 0.01224973680783109
11 39 0.40603858612689053
30 52 0.05903580241405873
63 86 0.5336874385484782
82 99 0.2287070285236302
0 66 0.05068769169929771
60 80 0.12555973131666767
20 44 0.11213786505627868
11 75 0.08233476113675556
12 40 0.02583051422543443
4 36 0.037157676910956346
44 72 0.10294202316374944
23 49 0.06841227032571397
41 103 0.07661135747833593
53 77 0.0608200638890031
93 113 0.33997275092339024
44 108 0.034516458990111326
45 73 0.1108221998933938
37 69 0.08609285151949866
51 116 0.06945903074980568
2 111 0.04817898647608809
7 46 0.04683323274637132
67 97 0.14419614490710567
18 55 0.13676398504522538
19 20 0.12163951276013067
97 119 0.2368056312172098
70 102 0.07862984614570902
89 115 0.10687728600370233
17 96 0.07823921517663528
28 105 0.10945023694036753
47 118 0.15357786412523625
40 79 0.05054136475399735
11 52 0.059717242220106694
52 53 0.06674410530203602
12 17 0.07531821143150758
4 13 0.07917300154790537
40 115 0.07813059355800947
60 93 0.05271223592729109
34 41 0.0452451619737097
39 119 0.44330866938186014
56 59 0.0418030015427014
74 113 0.35778456746999204
67 74 0.07585691978137346
26 36 0.09198254654963857
86 87 0.5260250727648941
5 13 0.13004690173627592
18 32 0.2250703332076964
38 47 0.09907233069113773
78 83 0.23236435059292693
3 89 0.2404975835238036
16 108 0.06393673793667276
35 121 0.740195254928931
47 95 0.06982794685696775
8 24 0.051434465327350125
67 110 0.06063357154552621
70 115 0.062274108073874276
71 80 0.12798744341658141
30 42 0.7486651864921074
63 76 0.053618819584837406
82 89 0.19537201887234396
29 83 0.11559857064168652
40 92 0.07986063884177566
6 99 0.2022682616193318
25 49 0.15116027616573444
2 65 0.08234668302172665
22 43 0.4762897599003333
14 39 0.3777471961453331
74 90 0.11959973501245201
20 119 0.25903611465390336
25 85 0.2475878880650435
45 63 0.13648419922094268
2 101 0.08524620845027941
43 102 0.4882194035585029
35 98 0.715939281082897
26 49 0.08752423466111121
13 116 0.12599294044635262
78 96 0.11487407958435393
89 105 0.11404730632341993
16 121 0.06536547177051395
28 95 0.11069058606803793
29 60 0.03112501387929764
47 108 0.045297722347530815
11 42 0.7506352779835859
81 106 0.13093702183838593
25 62 0.25982059360863013
44 75 0.07410672083491802
74 103 0.11034376329532634
59 60 0.07452980582419094
18 22 0.13841412531424463
17 63 0.037794456957429945
35 111 0.7732510937738096
28 72 0.0838504490363782
1 118 0.10829371948003362
47 85 0.11710843952602563
19 23 0.09584689309764022
11 19 0.07039674377366548
30 32 0.18753550841185973
63 66 0.06573415133233927
77 113 0.35262693294796
29 73 0.055439461732570645
40 82 0.1992642777700796
6 89 0.06385460939576056
30 117 0.0450411652753149
2 55 0.06588024173230289
3 20 0.22408867006027228
22 33 0.028438757726339477
14 29 0.03609435831329362
20 109 0.1346457688638874
66 76 0.11018191897593657
85 89 0.12604095914970848
13 70 0.07140982014180706
23 114 0.1046893362570968
51 96 0.051344483481258536
35 88 0.7479958104982325
88 100 0.05421969204919559
7 26 0.06871490642952462
67 77 0.06511610567653459
13 106 0.07711212395619052
24 115 0.13044434521104742
16 111 0.08590271637783618
9 72 0.14197971510195798
28 85 0.03610353627235869
21 46 0.09434147126563158
6 66 0.030911176894894928
111 119 0.18522720439792667
50 109 0.07177991897565274
54 79 0.06910388158124124
11 117 0.03130493026241347
22 46 0.0337518971527369
103 120 0.0667747142686087
54 115 0.08638862780854419
95 116 0.049168219074287395
87 112 0.3585671540620253
13 83 0.16270212739887133
32 96 0.20265165430110157
4 114 0.057466087559527236
17 53 0.059053921786852134
47 75 0.1339349501270178
46 116 0.12717514673025515
6 43 0.574499457057489
58 90 0.39779086525303686
69 99 0.1073436587895966
39 76 0.46810074957905595
83 119 0.268162506835569
3 10 0.2889573020055213
54 92 0.09802736801160514
0 121 0.05269511004491193
31 108 0.06358603582043883
23 104 0.03869148418337241
24 69 0.14029783044874972
43 82 0.6495009342831165
1 85 0.07466903640938943
46 93 0.016283260580661086
9 62 0.4284314815917819
28 75 0.0622998915155777
69 76 0.042454116236580734
61 72 0.22052516187152219
80 85 0.10835654592146877
26 114 0.1161406852444013
27 79 0.10569356582964475
113 119 0.4555207954811517
50 99 0.17312166562736547
10 26 0.02069530420132431
110 113 0.3729604647112916
62 73 0.43661874147756713
81 86 0.5002591354163862
54 69 0.0968997090823522
27 115 0.018629506466605456
0 98 0.07356583626795424
19 111 0.09447010461974464
20 76 0.10277450175627817
4 68 0.04766345956922162
51 63 0.08657043655435383
3 23 0.2913237488632223
84 97 0.12757003551539
35 55 0.8171361673703968
95 106 0.09454854305340386
87 102 0.14317805377782541
106 115 0.042517321150554635
4 104 0.1054018581203909
45 105 0.11767231629971946
24 82 0.13762434774397492
16 78 0.1743158411053063
57 79 0.535400026786394
56 114 0.05748695085822671
76 92 0.08298147608737173
36 56 0.03736299826323684
28 52 0.05144714415739879
88 103 0.059968595294914585
6 33 0.1022734041149522
38 102 0.22180525061576306
57 115 0.4634347981939481
49 111 0.07656300761150853
80 98 0.07263999781999822
8 79 0.09971563938890503
27 92 0.11776054771031921
0 75 0.09196395408617171
19 88 0.07052911454409887
30 97 0.09738879022057238
91 113 0.3971609450213288
2 35 0.7692172861465763
75 105 0.1753522408436494
54 82 0.19629989161019581
94 118 0.11623714843271926
0 111 0.04723152778435506
20 89 0.14696202222040664
52 121 0.05722476400699665
53 86 0.5158315299511101
13 50 0.06219562233114767
12 85 0.08182136313791964
64 95 0.0934004466070576
43 72 0.4532730943824883
87 115 0.08508956812829765
1 75 0.08918535063375467
34 109 0.07007759680535117
45 118 0.1883294018709885
49 88 0.05246651263149735
50 53 0.06035856393704549
21 26 0.12010059610844134
61 62 0.34942330483450895
27 69 0.008495289223273583
79 116 0.1138780817895242
39 43 0.8502098417336654
71 112 0.24146916983988298
10 16 0.06445903004016966
2 12 0.048140524204336003
0 88 0.04484298759220361
19 101 0.11235804145570574
12 62 0.4121648264937593
13 27 0.09856886759644441
32 40 0.1981557317040343
72 76 0.048212150132297446
51 53 0.058965832303454396
4 58 0.30877630035240056
84 87 0.02219159538333521
75 118 0.04162606563082835
34 86 0.5018094535533058
65 73 0.08522534515157995
17 33 0.053731888255793704
3 98 0.2817020780555141
49 65 0.11658491738677772
26 81 0.1305862724130846
46 96 0.044416070568475706
5 58 0.23953910181937907
6 23 0.038708184284145464
82 98 0.2534614507032187
15 108 0.07546997891955269
101 111 0.06711136559184094
48 105 0.16105955658062746
11 74 0.06137064681477276
12 39 0.3921800571749004
23 48 0.13158908271361222
102 112 0.3084158525682933
33 98 0.04907000545047766
12 75 0.10002518261654816
53 76 0.07362378987545273
52 111 0.10115847132481523
4 71 0.07598607353522735
72 89 0.1626588869113173
44 107 0.047461922942328795
24 49 0.050030284899461375
16 45 0.17165134712332716
1 65 0.08552268263984786
46 73 0.04039465791688621
5 35 0.7756941813206113
65 86 0.5661640724818436
78 105 0.11000370571924527
86 109 0.5275900567126908
38 69 0.14591582950512308
89 114 0.039504348578506834
8 46 0.11624580599204351
98 119 0.13026395573725816
71 102 0.10661670766076202
29 105 0.14940416358586084
8 82 0.16109295678217353
41 79 0.0700532326356681
60 92 0.11523949482053239
6 121 0.06851724914615417
13 17 0.051774049812757815
4 48 0.054729778413317276
44 84 0.004524355346541995
10 91 0.1208359682512634
16 22 0.09019620347573093
75 108 0.11168038637504539
41 115 0.04677537375700749
74 112 0.37186076544083996
25 107 0.1685096465790316
45 85 0.16371454144007005
5 12 0.09651995919876799
37 81 0.0772553758121134
56 94 0.04614876516001323
3 88 0.2529792293797634
67 109 0.019085991657424452
18 67 0.13761228393180175
78 118 0.22093802810224838
71 79 0.10748785682686639
36 121 0.06049528714167463
42 52 0.6986908209102488
7 94 0.013866098402765465
8 59 0.09640854634516882
0 55 0.07792262289795762
40 91 0.09810736764448678
39 46 0.4281962135998715
31 42 0.753342728598715
63 111 0.04237449507623787
23 38 0.07322483251052615
60 105 0.17141073320680686
93 102 0.12677912252750395
53 66 0.05022917221858285
72 79 0.0993891595151521
4 61 0.09239687936145251
25 84 0.2008020116950853
37 58 0.356234202024005
10 104 0.12291255245333711
56 71 0.07511426204218012
16 35 0.7165052867646218
2 100 0.086615474786467
3 65 0.2644226304437539
57 72 0.4532730943824883
49 68 0.07937652515562675
36 98 0.08136601336471695
55 111 0.041309757206554755
5 110 0.11693628182995455
11 41 0.051145217689598316
30 54 0.032664592857929886
48 108 0.08396857977754048
21 91 0.07767784578351081
0 68 0.0557085557076332
40 104 0.07603811350930761
60 82 0.2138665052607447
10 81 0.13487233198740614
2 77 0.07780624259228713
74 102 0.10407715692564298
53 79 0.03419646045858477
45 75 0.17026888155735018
3 78 0.2648367267102311
15 52 0.08325203664352199
7 48 0.0877677344307397
18 57 0.5697092247524638
78 108 0.10856920017918785
11 18 0.09963019921327868
70 104 0.0957509029999957
30 31 0.020474796638425836
17 98 0.04550290177260927
36 111 0.05503170488111776
29 72 0.132384348135694
47 120 0.045297722347530815
0 45 0.10369305460786292
29 108 0.06859715416090109
62 105 0.4351717936527981
1 9 0.06043529924428025
34 43 0.5249751426332901
53 56 0.05068504239152636
39 121 0.41396077330833786
45 52 0.11107104558763237
51 95 0.05600612974123789
56 61 0.10262907368325741
14 64 0.06378284154059709
26 38 0.12211250881545337
13 105 0.09495719877713635
18 34 0.08249665276521266
78 85 0.18193733185470423
118 121 0.10741812326159882
48 62 0.4609037157818837
71 82 0.1282354848566751
63 78 0.16483183968357418
21 81 0.09171420951965358
40 94 0.044514804592026246
60 72 0.13640363187925292
33 55 0.05987449755996389
52 68 0.09781305793652897
54 114 0.04954442077782069
74 92 0.11196873514051765
34 56 0.04115448884752605
93 105 0.1198251154092871
12 117 0.04617118965793512
4 113 0.30877630035240056
43 104 0.5786698932712173
15 42 0.7725016235289193
55 78 0.19131294820314718
1 107 0.027358644409769012
47 74 0.11350538095697447
88 112 0.3295322547780621
13 118 0.11078960394599259
78 98 0.1462207837532337
17 88 0.061822164553520464
9 84 0.048287513476579225
29 62 0.41020712997792547
92 118 0.13157134181335756
4 5 0.07494749757978642
50 121 0.05860278252064321
2 44 0.057882880442843176
62 95 0.3592577245180708
25 64 0.20028757289676774
23 103 0.08459982466313463
84 119 0.1484875504060372
3 45 0.24459147366656672
14 54 0.017439588804725535
66 101 0.06326703077932655
13 95 0.11085635704001738
24 104 0.09691806500048233
70 71 0.07853527532008492
43 117 0.5107409796865748
16 100 0.021655867504712108
36 78 0.13128540581031986
55 91 0.15313699092664135
1 120 0.04423393065919462
5 90 0.19908866651209225
77 115 0.12508403864450632
50 98 0.07375862071738812
62 72 0.5372579957882629
27 114 0.13105690301504005
33 45 0.14368771436034092
19 110 0.10382542537829634
30 119 0.17249217117726304
51 62 0.39320538659148463
2 57 0.5238855675032505
3 22 0.2681250380542313
73 117 0.03827667828088502
114 118 0.13668890555534768
20 111 0.07440552490427364
85 91 0.09509888943383683
32 85 0.18078436257442132
24 81 0.1400052238672163
43 94 0.5316101920194619
36 55 0.08572279999472032
28 51 0.08332891387795882
57 114 0.5592369842229465
9 74 0.12626667071001504
21 48 0.12263101619356265
6 68 0.10910554307568648
58 115 0.35082133508364305
10 38 0.1263985683897749
54 81 0.12607994182120136
73 94 0.005141265584730374
25 54 0.16529679319744814
20 88 0.11676256293466096
39 101 0.4494040642368193
12 84 0.03021871407615541
11 119 0.17209908013668732
95 118 0.15522133381575973
87 114 0.09857799824644214
4 116 0.10616556839455313
17 55 0.09633819776202567
9 51 0.04350404636818463
28 64 0.05180551034254274
88 115 0.06963937291452763
47 77 0.027142962371739802
6 45 0.12462660727234037
61 97 0.03816266342858179
54 58 0.30733810470509026
27 104 0.14116543143480315
19 100 0.10140296458485801
20 65 0.051742873137376987
10 51 0.12202035075226389
51 52 0.048381421975260484
42 120 0.701484657882351
43 48 0.4755170135943079
84 86 0.5147638589192517
54 94 0.06307732141927017
20 101 0.13329438535515653
12 97 0.11230354141012343
23 106 0.10993378291770828
64 107 0.03128647972614863
35 80 0.6862611677193016
36 45 0.11149323170462563
47 54 0.04633714986618396
49 100 0.08334036267225649
68 113 0.35239114455630893
69 78 0.20664567500269773
61 74 0.14766886699561926
40 51 0.04677423833939119
27 81 0.16798702331206333
19 77 0.06626845993894198
39 55 0.44280042807136494
50 101 0.08833123273189479
91 102 0.19721210504675632
110 115 0.03634689411478515
62 75 0.4906461221680023
27 117 0.08070458529415622
0 100 0.07745028916957783
72 88 0.09983462169327957
24 48 0.12068088912850411
3 25 0.20680614735913455
16 44 0.05330951290253099
103 112 0.28025811070198753
95 108 0.0913867361554864
1 64 0.04011733216410551
106 117 0.03960483303754917
34 98 0.0716340178119585
4 106 0.0345988713854276
5 34 0.07001723043541802
65 85 0.0812468891331404
16 80 0.07038382839828011
57 81 0.5814136299410007
76 94 0.08340314180462428
14 119 0.16132680550206352
46 108 0.057890781057089905
5 70 0.08644601370723459
38 104 0.08214386905001551
57 117 0.5107409796865748
98 118 0.09664215851972202
69 91 0.1486198265583359
20 55 0.07550106097679884
31 64 0.04974808631274407
94 120 0.024589644698023154
41 114 0.07802244503005712
33 110 0.019193809021905383
4 83 0.10405411740984563
32 65 0.1154638817269532
24 61 0.04790161341424005
16 57 0.4927073309231886
9 18 0.11991689499993782
28 31 0.06592267796571204
5 47 0.11566352599115218
6 12 0.05901162748064505
86 121 0.5086980795404512
38 81 0.04018214558636917
50 55 0.12647104588094857
42 51 0.719383002713128
19 67 0.09952630850138736
79 118 0.12364641070600414
30 76 0.08673592367192924
2 14 0.05349936418978942
62 65 0.4790837387996375
75 84 0.08168828273147609
72 78 0.225291976188211
24 38 0.15029168168926685
95 98 0.1127778621193318
53 101 0.044475396138927245
25 119 0.24887483662404972
64 110 0.014620914572266662
57 71 0.5665537572695708
3 100 0.2855865309571376
9 31 0.07683266929537924
68 80 0.08894095199184658
15 74 0.0409926445281363
67 121 0.03239668160955098
26 83 0.11293038655245442
98 108 0.0429441908652152
71 91 0.1324717752921489
42 64 0.768986890988602
48 107 0.051097198986242404
11 76 0.07960625798665763
12 41 0.06966908300882074
31 54 0.014757306613424417
94 110 0.07492847933471343
60 117 0.05959996304215662
52 113 0.36913401272623386
13 42 0.7156062252487836
53 78 0.1489464010502234
72 91 0.13108164565726177
24 51 0.057285603467603266
10 116 0.1607863940257732
56 83 0.14755466290704664
34 101 0.07481739764458563
67 98 0.005054169591746877
70 103 0.06027175179846605
7 83 0.15831354907561157
8 48 0.13858713457352795
47 119 0.13116552463366588
11 53 0.014354753759379557
12 18 0.09537228853402782
90 117 0.15336975153798232
23 27 0.1443471554500732
29 107 0.0017218135060480151
21 103 0.04699980797249566
0 80 0.09539499688635376
40 116 0.08554028161290049
20 58 0.3142202493500091
12 54 0.0318724498342929
13 19 0.09409096975403591
44 86 0.5152626384162778
4 50 0.0788658710826969
16 24 0.1440597055568805
56 60 0.06379296568100909
35 37 0.7261059996554953
2 89 0.06328789407802601
22 67 0.06607383043588164
33 113 0.3526302445826743
74 114 0.11187160962525687
25 109 0.21694050652966854
66 110 0.09597311368931866
45 87 0.12530809438745574
5 14 0.09012907190916737
57 61 0.5367918122386383
89 93 0.06559913125413454
22 103 0.10588587718840511
14 99 0.14799004825382947
55 100 0.11005432642130518
8 25 0.12598962881163833
27 38 0.15951325971443214
19 34 0.0572030964541523
71 81 0.14688803083907787
30 43 0.5319569674831064
17 110 0.05456206776957666
90 94 0.18191632662880275
42 54 0.7414933684278305
101 103 0.10654536558720464
19 70 0.07363187972596888
60 71 0.08563102040406963
11 66 0.05652231897504717
31 44 0.05867824048305967
63 113 0.35610523750642054
62 117 0.45248360066662263
85 100 0.03684458550326228
64 77 0.08457470354837406
10 106 0.04272268981190248
56 73 0.046407876921865834
51 107 0.04693433222328916
26 50 0.10654247973409656
67 88 0.03899066672526685
18 46 0.12224847507500503
78 97 0.1648948080522115
97 110 0.12067516473135527
49 70 0.05742393518052218
36 100 0.08525046626634053
55 113 0.32333192841173014
47 109 0.07932117354683223
7 73 0.012653898170165705
0 34 0.009667797148370273
79 98 0.027004252186282107
92 117 0.05989843594804084
5 112 0.2559927223515521
63 90 0.14919775412503133
9 119 0.11295233795970283
48 110 0.016972979473494555
40 106 0.04237397467649706
60 84 0.06432765276015058
25 63 0.21962051788573697
2 79 0.07260995656223364
22 57 0.4762897599003333
74 104 0.1151876913917888
37 73 0.015449674814029247
3 80 0.3019024347942673
14 89 0.02306837432845371
15 54 0.05009306403182918
1 119 0.16509255995371666
8 15 0.10627225034141773
63 67 0.021158649206908433
36 113 0.30733810470509026
9 96 0.028136500095067577
29 74 0.059283843854152404
41 48 0.031149661903384772
60 61 0.10204182623029481
12 21 0.04915024162869604
52 57 0.5587356973453513
4 17 0.08195524779850806
23 30 0.0788855516547127
21 106 0.10127461508514903
1 11 0.01291769352968552
54 103 0.0530675743321249
73 116 0.11209864583944908
74 81 0.14517373947473783
53 58 0.3382493289090525
44 89 0.07481375484640002
37 50 0.05892490996020029
10 96 0.08529914729663927
51 97 0.10886379374154975
43 93 0.5168726605961882
3 57 0.5891607262642014
22 70 0.04739843417395082
15 31 0.03533575741840476
107 114 0.05369399369284977
78 87 0.14606215645042345
24 116 0.04375284475335585
97 100 0.1590440010754298
89 96 0.05546453553826388
55 103 0.10888039922418809
100 111 0.07511610709580663
19 37 0.08761871086860068
6 67 0.07302263355669052
11 33 0.03591425269390841
111 120 0.07284541379041339
17 113 0.38640409314265955
63 80 0.07870000549258273
61 119 0.21881304672428017
81 97 0.19221603098970994
41 61 0.11443107747772849
33 57 0.4981596063166499
73 93 0.027560748745469987
52 70 0.08674226308695357
25 53 0.1998043107738311
39 100 0.4384489873659715
54 116 0.09502996012271407
12 119 0.15704604454328475
24 93 0.10391157518993294
55 80 0.1442885868246992
7 40 0.04310731252942329
13 120 0.03486479565297797
18 49 0.06811247276594402
5 79 0.12165313777152628
17 90 0.12864324170812794
36 103 0.0530675743321249
33 34 0.04592030967380068
62 97 0.38650084018538144
25 66 0.19002349226357185
39 113 0.439956963887617
12 96 0.021144361868570025
35 79 0.7145027412529441
15 21 0.08839074753861569
1 86 0.4964535940390952
47 53 0.06313078066537085
66 103 0.05676085129260437
59 64 0.06139988381839242
18 26 0.14413866439028059
65 107 0.0689307777038232
36 80 0.10319517398311648
9 63 0.08280283704907426
28 76 0.05787554753740458
21 37 0.07963667771696098
100 101 0.016427695163267614
11 23 0.0730418883471002
6 57 0.574499457057489
77 117 0.0665450760557125
50 100 0.0745244125905135
42 96 0.7092667156063203
61 109 0.1527107362298562
62 74 0.4686341593133788
73 83 0.15837869366134666
39 90 0.5353270288954795
30 121 0.027662936330936777
31 86 0.4867532009433238
51 64 0.0729010019445446
2 59 0.060815049127864444
14 33 0.06943698472442258
95 107 0.06429311714098816
74 84 0.06105689308013584
12 109 0.04301676297452356
4 105 0.16115478973319441
32 87 0.19032451985909282
23 118 0.15656789179962138
64 119 0.1816660616625438
43 96 0.5437348909622983
16 79 0.048385821718523646
5 69 0.1312447200124026
6 34 0.09055636740543405
77 94 0.035770811601716135
28 89 0.09375668388417097
15 119 0.19613014667655942
80 99 0.20693979547438635
40 63 0.06113187795187884
50 113 0.33917294383084323
81 100 0.05906002465653974
0 112 0.3017333994966411
73 96 0.009275131889400675
20 90 0.11121841333241428
51 77 0.03351492603440212
24 60 0.0857102630918737
35 69 0.780664945026627
87 116 0.12456538933919506
13 87 0.02433237798979705
45 119 0.16250517975151105
5 46 0.1097690527452104
37 115 0.09501718667453071
9 53 0.06858438071271776
28 66 0.055884687365361375
77 107 0.06759642545933675
10 17 0.022398903716444218
2 13 0.0790523161171064
62 64 0.44303650031742015
80 112 0.3581474280165339
54 60 0.04977978338786571
27 106 0.06097556879336853
19 102 0.10530932158466265
25 33 0.21160522645975322
11 98 0.04384292121758211
30 111 0.044732000520210514
32 41 0.15772843053067953
23 72 0.13450176006288697
22 27 0.03792294838434096
20 103 0.1324369085095151
53 100 0.04651342345111416
64 109 0.057275715872528
16 69 0.08703799206693175
36 47 0.0708097046225264
46 97 0.13535332327511027
65 110 0.03610623288919739
57 106 0.5017717482266317
68 115 0.07410203723725078
69 80 0.13977142245639373
42 63 0.7394776236863633
21 40 0.06239403655959572
7 105 0.09975372318811836
8 70 0.10365790397082512
27 83 0.07046136795965977
18 114 0.08606834542261359
39 57 0.8502098417336654
30 88 0.01994957137275349
10 30 0.07184903752304488
42 99 0.8600343738221528
2 26 0.07244513177160114
62 77 0.41437680924657616
8 106 0.11845622754563824
54 73 0.06523849423375801
31 89 0.04741333653016471
72 90 0.11731910680291616
51 67 0.0798216088612154
84 101 0.03657549152819974
1 66 0.041494451805472496
5 36 0.0697129858233176
38 70 0.1461786313742286
57 83 0.41593985352261187
15 86 0.5147184422145997
18 91 0.14367115618677
38 106 0.1406929557792213
30 65 0.08475391029547967
50 80 0.052784666109397395
2 3 0.20968670185168156
0 79 0.06130370448447852
11 88 0.000367733380478396
39 70 0.40496187906316883
24 27 0.1487931196720233
83 113 0.3103574640012298
3 4 0.2219009095499361
33 112 0.3548257164709878
53 90 0.16920272441564674
44 121 0.014813225931027072
64 99 0.09518617466308965
57 60 0.49753015917561505
36 37 0.07119929479211856
28 33 0.0400802891643738
34 113 0.31070149553896786
46 87 0.03208893612646698
6 14 0.05564880435557554
57 96 0.5437348909622983
49 92 0.08301279468995464
50 57 0.5752376677443515
42 53 0.7497145962239703
101 102 0.15578975225991867
61 66 0.12853845212395715
18 104 0.115000252866965
19 69 0.13011497948418643
20 34 0.09956316226484967
79 120 0.019052023747070216
11 65 0.07867209314284873
63 112 0.35830070939473413
21 115 0.1382567280471854
54 63 0.0714874543213214
0 92 0.09022719091484244
60 106 0.024443885461530944
4 62 0.4135786106623192
64 76 0.046527758098519924
10 105 0.1625369714447674
56 72 0.14704713123256163
16 36 0.09864205472362829
86 100 0.5319283928064291
5 26 0.13165924206048593
38 60 0.16762979254453567
56 108 0.048508446821083795
3 102 0.16885022455485366
49 69 0.11843101181274295
109 120 0.03857018373469795
68 82 0.24135293146141457
7 72 0.11672760153389246
27 50 0.13773197587218652
59 119 0.14269805598053564
18 81 0.158087411733699
82 102 0.1905732709351967
8 73 0.099851511030322
60 83 0.08447355676238888
6 112 0.35347589416147923
11 78 0.13855416015358793
52 115 0.13306285477956653
25 98 0.21891920827140382
44 111 0.0561104462347352
64 89 0.0884402801321267
56 85 0.09930021846854212
2 114 0.04416604214755349
15 53 0.04615562497477837
5 39 0.3492386102355914
86 113 0.6277139733527896
78 109 0.14424208201149832
89 118 0.13831330969173083
27 63 0.08035582284968346
79 110 0.08704702809879479
11 55 0.08131236488234686
30 68 0.04700080146290992
31 33 0.06106573987572951
63 102 0.1310528817443156
29 109 0.06889080154191606
33 79 0.053199945102558266
44 88 0.020499681207849698
24 30 0.08852619339842653
16 26 0.07396507748728488
1 46 0.035787180539017756
14 65 0.10668194686463178
34 80 0.10514823421035045
25 111 0.20316476844553333
45 89 0.06938234275163827
86 90 0.6549465864071498
78 86 0.3926073053620995
97 99 0.08189890269929928
3 92 0.2983634327024022
14 101 0.08439246902095829
55 102 0.06962451786738105
15 66 0.07091615002405431
8 27 0.17321921692423226
26 75 0.0330892390464252
59 109 0.021571278892297936
71 83 0.14464037704948204
90 96 0.19107900486512264
17 112 0.3885995650309731
42 56 0.7246634988830569
9 108 0.019457083981684394
48 99 0.10280208294254073
21 82 0.20834861219087494
41 60 0.02712626227096676
11 68 0.03595082260296666
52 69 0.13076737152288417
44 65 0.09339074824825169
104 116 0.09142297490107318
75 89 0.1373410610487086
1 23 0.06536911456869957
33 92 0.0854528544564456
105 117 0.13008895949714627
37 62 0.44612365350706606
51 109 0.07515622518491578
3 69 0.27158914989248795
43 105 0.6090782693983617
67 90 0.1548139554368456
13 119 0.12554795135889857
78 99 0.22446349980085253
89 108 0.05744456193388493
0 36 0.020153615380215647
92 119 0.11303352031926814
11 45 0.11876198604789372
71 96 0.1013008716175259
63 92 0.06259566780462322
73 105 0.09554690630160094
22 59 0.063809240000176
34 70 0.018238733570329686
74 106 0.03446342552561676
26 29 0.06603763899936216
5 6 0.15056380344463946
32 109 0.20411780960721324
38 40 0.12670479998270384
37 75 0.07888025303917001
43 118 0.43237563853639577
16 101 0.022301636273981382
35 114 0.757545524214508
36 79 0.06910388158124124
1 121 0.020263325107390408
7 52 0.028776355230918642
8 17 0.14724720127836677
67 103 0.08789570545790994
18 61 0.041454475643565365
19 26 0.11304038013403327
11 22 0.057003925280626755
70 108 0.07161220833191209
71 73 0.10664244379339813
9 98 0.05851625423646786
28 111 0.05606971312775054
29 76 0.07856730355867794
41 50 0.08178990260813472
33 46 0.011693902575586057
12 23 0.05732259915826763
4 19 0.06169192269111765
33 82 0.2415920314877799
73 118 0.12137841401744966
31 121 0.058088864122066486
51 99 0.1519719105251179
56 65 0.10129954696364021
3 59 0.2593345402507201
35 91 0.6689360195484847
55 69 0.05708094444226562
1 98 0.04146266011221617
67 80 0.057541356285674305
107 116 0.09591284193752017
86 93 0.5163322018108304
78 89 0.09039963246531764
24 118 0.16122277286297024
65 119 0.2151032588992969
89 98 0.07883568789773032
36 92 0.09802736801160514
55 105 0.19013958871483844
28 88 0.03763119336601981
8 30 0.09100187689262886
48 66 0.08866812060046374
11 35 0.7506352779835859
9 111 0.102998746735497
29 89 0.06128279387671174
8 115 0.1542128464271507
73 95 0.09864574483088125
25 55 0.21986837008956125
31 98 0.07895959034510881
3 36 0.21749979432382968
14 45 0.09044888120442457
51 112 0.3066826375770151
55 82 0.23800444298375076
28 65 0.09193817064446826
17 92 0.06782904414347575
77 106 0.08810192568247001
40 75 0.0915060969323997
33 36 0.070678421960642
25 32 0.27589328153053544
42 121 0.740195254928931
14 22 0.08501377900240979
34 37 0.06188957997448814
66 69 0.12181886143443842
39 115 0.45159149358368417
12 98 0.04499546471625891
32 76 0.15636261775640817
51 89 0.017876062260057283
43 85 0.4773178805518907
15 23 0.09698496002170923
1 88 0.012549960149207123
26 32 0.16673290724579531
18 28 0.13625281057255473
16 104 0.0916556882033469
57 105 0.6090782693983617
76 118 0.05523849281448596
29 43 0.523788347369855
47 91 0.07082375541552811
21 39 0.3758948569224782
40 52 0.06372432022429042
111 112 0.34854103803757835
58 106 0.3405102765465725
69 115 0.010134217243331873
110 116 0.15663653725634002
54 72 0.14720173726464753
0 101 0.08064781441334135
20 79 0.1353211531093152
25 45 0.1068599235759864
11 110 0.047699414460404384
51 66 0.03678043440794146
84 100 0.030975895699023884
14 35 0.7289977663970039
4 107 0.015972250771930225
24 85 0.14937279767421063
16 81 0.09326859623636503
17 46 0.05208917551034776
76 95 0.13932482486064995
9 42 0.6940317293399061
1 101 0.05603527212672285
107 119 0.19016135088581743
6 36 0.07308839316030107
57 118 0.43237563853639577
58 83 0.3087833967125025
77 96 0.024459639380957073
49 114 0.0543625654325797
69 92 0.11556540698547713
21 52 0.05241948741855569
80 101 0.0872126098345049
27 95 0.13947687620309915
30 100 0.055126559561145975
42 111 0.7732510937738096
54 85 0.099454824500628
94 121 0.022479234512797274
73 98 0.025176797532851063
12 88 0.02107959575537371
13 53 0.04757366695939942
72 102 0.18183788819514343
23 97 0.1659669734454678
24 62 0.3414074930087846
84 113 0.3447976607747797
16 58 0.3890449799000332
7 9 0.036007120393108084
13 89 0.08469198272632411
57 95 0.5565585340661005
76 108 0.1034781295149113
28 68 0.046912428125108076
68 104 0.08183967174698242
38 118 0.16663185507794487
58 96 0.35552598528583934
10 19 0.12469553658346312
69 105 0.18562242434653292
42 88 0.7479958104982325
62 66 0.4214887340315931
54 62 0.40565694388061263
19 104 0.07856905399416972
20 69 0.06811971105324792
30 113 0.31461641547996216
23 74 0.1385783350870017
51 56 0.025342331959493796
3 16 0.30703078500361225
14 25 0.16358165026989588
87 95 0.10699797143450128
106 108 0.07432462639911246
53 102 0.12505570051316617
45 98 0.12885178007698797
64 111 0.005325912874580779
65 76 0.056825144315127245
76 85 0.024421744818013142
22 114 0.10741372351833564
109 119 0.15698312348371488
14 110 0.07601535784791433
88 96 0.03976118950512683
99 105 0.23824018406633465
65 112 0.37515125300193786
49 104 0.06155150937923551
50 69 0.12988070498269033
69 82 0.2693170846241416
42 65 0.8067803544556179
15 111 0.018272181080943126
61 78 0.12866812627755186
26 120 0.08583724062862964
20 46 0.09381511058234294
39 59 0.41219699665955395
23 51 0.057103179703918115
2 28 0.07564918566665836
102 115 0.09657919015108485
8 108 0.08980013196391247
54 75 0.09976413118293441
20 82 0.2392844371098569
52 114 0.09339737151768011
13 43 0.515744575885329
72 92 0.09275297471136383
16 48 0.0921902333552863
87 108 0.04501864615925832
53 115 0.07920034618883122
46 76 0.05719410773135661
38 72 0.14138858830547296
56 120 0.048508446821083795
68 94 0.03506358835396475
79 109 0.030306567014216423
71 105 0.14147237266374232
90 118 0.07851682478382008
82 114 0.20365839125421878
2 5 0.06315079240085808
7 120 0.019805751808022458
0 81 0.11827976472443866
31 68 0.061102309784787756
91 119 0.08418000399950856
35 38 0.6377382443236097
1 45 0.10992886277470423
25 110 0.21252008920408502
13 56 0.054168077856721376
72 105 0.17278264885076577
46 53 0.02523077717869255
64 101 0.05592433236379709
37 84 0.02060480195549192
56 97 0.11045143873260525
22 104 0.11072980528486757
14 100 0.07343739215011055
34 115 0.06910709859782077
67 112 0.3636192420548089
6 16 0.08619045012543292
37 120 0.03489805392732202
69 72 0.09332612406225742
42 55 0.8171361673703968
15 101 0.07038841737781264
7 97 0.12804525509687792
0 58 0.29953792760832754
18 106 0.11566068744711146
19 71 0.033335009651286295
20 36 0.11984403903622536
11 67 0.03878875162583524
31 45 0.10022846967893276
102 105 0.22183127060280328
29 121 0.04567926997567416
94 101 0.03460814396262736
21 117 0.09619584477838235
12 68 0.0544746879221891
13 33 0.06636128032907432
44 100 0.03550025104556588
4 64 0.03612137179074803
32 46 0.1632871513256687
64 78 0.1610475873865889
10 107 0.06677570775902297
16 38 0.07960961693043916
2 103 0.05625147456449286
35 51 0.719383002713128
108 121 0.045645964392262754
86 102 0.5433089201199173
5 28 0.13140022491676806
37 97 0.13900657676461525
3 104 0.281503379972662
68 84 0.027708873435329486
55 114 0.09984886172255061
15 78 0.14798588505590296
8 39 0.3310181852743245
27 52 0.12314034561260687
11 44 0.019087174384108094
30 57 0.5319569674831064
29 98 0.0704472225485234
48 111 0.016602171003638685
8 75 0.16758834980154086
12 45 0.10488174223399185
31 58 0.2941416188415363
52 117 0.06838166135914127
93 118 0.09494428340175094
18 60 0.10082096843837078
70 107 0.006321295651535036
30 34 0.022867641955705755
71 72 0.2010310348901061
36 114 0.04954442077782069
7 87 0.03234350621785438
8 52 0.09006780666695463
27 65 0.03715285138608709
20 26 0.10489413720963649
60 62 0.4232235575311615
12 22 0.07552779059984917
31 35 0.753342728598715
81 121 0.09299344670068227
41 85 0.07903329787203346
33 81 0.11865785879066577
93 95 0.0905990401841799
13 23 0.03260607154162321
44 90 0.1652613113969389
64 68 0.011922831152472065
105 106 0.165193186339961
3 58 0.14541170408348691
22 71 0.12593370949403568
108 111 0.08957967171008134
26 41 0.05101147495621192
5 18 0.04429770328197668
46 56 0.06501666201697386
37 87 0.010355434442240529
78 88 0.12234952724285549
49 61 0.09950468825761039
36 91 0.11204357808505863
7 64 0.06665308265646282
8 29 0.09222822253636496
26 77 0.10112767312197314
67 115 0.07979629851018544
19 38 0.1319426706829542
30 47 0.06071816015794039
17 114 0.12861040921539008
63 81 0.10158477333066765
82 94 0.23517275875777185
48 101 0.07060864108630704
12 35 0.7316507169665507
44 67 0.020451047486618277
62 121 0.43377764274718644
85 104 0.1060410982383665
37 64 0.06838587186613504
51 111 0.07577819749331015
2 106 0.04377929052200212
43 107 0.5244106981507884
14 80 0.07587461337256077
15 45 0.1281937109502088
67 92 0.041437018597714786
13 121 0.03855504483314732
78 101 0.16079339576774038
36 104 0.08979999003671042
55 117 0.07832881855018813
29 65 0.07658529018222839
47 113 0.33927976770491
19 51 0.03728181590367156
5 116 0.0850568302536944
6 81 0.046235151516986546
73 107 0.05348152867140008
44 80 0.0657564339030591
74 108 0.09104899672370517
7 18 0.11423862419176602
85 117 0.038112184653723895
32 111 0.14863709436791703
24 107 0.0702945561881987
43 120 0.5516851797297492
36 81 0.12607994182120136
55 94 0.09041122318681735
48 55 0.05620298277046346
59 101 0.038122592648539955
19 28 0.09816683514214034
5 93 0.10654285820663538
92 98 0.04612965229680555
11 24 0.08461586243696487
63 71 0.11683153955485107
58 105 0.41161358124104647
77 118 0.14964681179227718
9 100 0.05928204610959328
29 78 0.13389010113117397
40 87 0.059259763538873425
81 88 0.10079400226998372
33 48 0.02742790488436316
52 61 0.13853949434271087
4 21 0.09231001991380575
22 38 0.15193150858160467
73 120 0.01944837911329278
114 121 0.05634060484737221
25 80 0.2189560620348663
32 88 0.1862346036779867
24 84 0.09967202042881222
35 93 0.7406362227456605
15 35 0.7725016235289193
96 109 0.03000648560004243
1 100 0.0477269483375996
47 67 0.08398655722313186
26 44 0.051320781638518324
13 111 0.08235070429245107
59 78 0.12662636154904458
36 94 0.06307732141927017
28 90 0.15345448207759854
21 51 0.040341671761458996
40 64 0.043896475081817495
41 65 0.05544036060485021
81 101 0.07005763237893126
44 70 0.05329905759864758
39 104 0.3956353695266309
31 100 0.08284404324673239
10 77 0.11406429027859698
84 112 0.3469931326630932
3 38 0.3348769966614464
43 74 0.4763576484119744
95 121 0.0919071832053568
66 94 0.02865888681669918
